-1.599413496014762570e+00 -2.226537493390195799e+00 -1.201663837620575714e-02
6.262418820744148906e-01 8.144841984089995490e-01 -2.793843873395034372e-01
1.822643080605482080e+00 1.369177077766524864e+00 -2.758169754389699913e-01
1.069310152613024201e+00 3.625560362665238845e-01 -6.529720200826283349e-01
1.588636809902056690e+00 2.305803342046949922e+00 6.188290645595601047e-01
6.905272623624308936e-01 1.264009453841688835e+00 3.445712044910181904e-01
1.234711873177370078e+00 1.407294958101380056e+00 -1.077648123323038387e+00
9.212486174307072950e-01 2.440768983872605880e+00 8.493562775869242243e-01
2.918200679990994750e+00 -6.238952521824648878e-01 6.553896437243988959e-01
2.002626487710083225e+00 2.419064995697083109e+00 -2.671520835332866217e-01
-2.444494194799876841e+00 1.190977890588775567e+00 -6.653460672346909188e-01
-9.515645054517570811e-01 -3.028243020399916663e-01 7.135240336174398790e-01
2.995705984959796897e+00 1.847016103382422836e-01 -7.913300240810958175e-02
-1.787735838369782115e+00 4.756877673619937519e-01 1.015643906398707441e-01
6.392339269269372570e-01 1.973346956594167256e+00 -3.850218069781509433e-02
3.018060000562374223e-01 1.559253649320956336e+00 -1.013849088572593704e+00
2.918133594140177589e+00 7.864916795261269744e-01 -4.067408029885819509e-01
1.296229956084763657e+00 -1.392496994025018475e+00 9.399377307415580640e-01
1.765377178111765977e+00 3.729314898157154445e-01 3.031506525684347642e-01
8.724477777042115578e-01 -1.823512514329546974e+00 2.215940305612407735e-01
-1.812133986668041041e+00 -2.208418043950879817e+00 -6.648921578443776070e-01
1.055188971216757698e+00 -1.668214388279189109e+00 -1.798407666963813129e-02
1.104747526272504610e+00 -1.679028040881990869e+00 4.313179198433365613e-01
2.796957530969212402e-01 1.961120372486219621e+00 7.881537379940291993e-03
-3.883381545623921238e-01 -9.361765907466190750e-01 -6.650952103205359789e-02
4.276719331845738603e-01 -1.823443785970815245e+00 -1.121669786828380699e+00
-9.991812228567892307e-01 1.072907664710794018e+00 -8.552314155545700514e-01
-1.278863450331097162e+00 -2.081879363060786137e+00 1.168076436831145148e+00
-2.734410965208084132e+00 4.661972557832523845e-01 3.420889479113634057e-01
2.941371209514136442e+00 6.374257563596834597e-01 -4.651352087591718587e-01
-1.256513309059061001e+00 4.605524460388712993e-02 9.222213126051070908e-01
1.666103532743732796e+00 1.454389419642253323e+00 1.089094833431837106e+00
-2.546298125106657650e+00 -8.994682564302554084e-01 5.630417170556976103e-01
-4.447301099491055565e-01 1.050511678625994261e+00 -6.074784729007161044e-01
-1.800809129280921628e+00 4.892427392389912533e-01 1.017508894052899349e+00
-1.135163565053551649e+00 9.060501995276648568e-01 6.035898369531836893e-01
-4.789604328294511659e-01 -1.897458896792949101e+00 -8.633951390422783465e-03
1.471807183794704432e-01 2.048608287988843646e+00 -1.247239388225097390e+00
-1.846444400038694811e-01 1.968483108256630976e+00 5.926904117328181398e-02
2.092589313333691248e+00 4.259309862970060978e-01 -2.129637682758558637e-01
3.276156664659122253e-01 1.914810064359464548e+00 -1.237480056297782127e+00
7.478920758878024877e-01 1.935390542389618940e+00 -6.238390999612698495e-01
4.166420558502161309e-01 -7.534583866317963174e-01 -8.592141302611949749e-02
3.707810765129178621e-01 1.027023334913315544e+00 -4.412401176980381701e-01
-2.751710286784748494e+00 5.905055814186522811e-01 3.439304775287353455e-01
-5.324524783214552581e-01 2.791062410085068279e+00 -1.611552400613859293e-01
2.547896603229515389e+00 -4.482410488351234457e-01 -1.051376519657887254e+00
8.072895496215258815e-01 1.778059512324327907e+00 1.008455255543019735e+00
8.697325686912680265e-01 -7.317365388130038228e-01 -6.871996247274643199e-01
-2.228090277529957974e-01 -2.900137397218244040e+00 2.172657165669594215e-01
2.396605627255612880e+00 1.411364632339557224e+00 7.787715296136099585e-01
-1.678511353772275116e+00 -8.897070220054968948e-01 1.002803540429712870e+00
6.080148942458766248e-01 -3.025024646843889276e+00 -1.885427321973322523e-01
2.914593379158486375e+00 -6.722229614426791233e-01 -1.343275293280164762e-01
-1.695655426298643631e+00 1.505712519126588766e+00 -1.106794223521704978e+00
2.943583441362397579e+00 -3.891912460316682698e-01 6.405200599773845926e-01
1.373151144256034684e+00 1.189645322129133653e+00 -1.028984524603092421e+00
5.972330585921751256e-01 -2.399972166117022798e+00 -9.695491792748224258e-01
-5.484677102953186001e-01 5.756595636476212752e-01 -3.305703427327498223e-01
1.222929285996145587e+00 -2.862298952551789455e+00 -4.518423953143990701e-02
-6.821601032298182932e-02 2.023893409487147466e+00 -1.225938380801426142e+00
1.134313983771862766e+00 -2.889167504808035858e+00 4.476472204556570245e-01
2.562630252676500131e+00 -1.434839583749249581e+00 -3.632867434121415107e-01
-1.184995211910559593e-01 1.455433695064261457e+00 -8.567054794803128370e-01
1.423753087372984671e+00 -8.558153626677363901e-01 1.104751865299148594e+00
-2.988971096952953044e+00 -6.744839347977168650e-03 7.568415827593645284e-01
6.788832285706530856e-01 5.753256322087155761e-01 5.242104217992914483e-01
1.748038173264892414e+00 -6.417142418649383895e-02 5.068766388730093775e-01
2.669289879337465976e+00 -1.172607497667187193e+00 8.281165951285991422e-01
-5.204714831405243824e-01 2.443008077759137642e+00 8.790939638322100569e-01
4.596005249587148400e-01 8.743207440559213062e-01 -2.319276996167591864e-01
1.102866924441716356e-01 8.859740792303473222e-01 3.190634673401029353e-01
-1.331018071588805141e+00 -2.074416720714088669e+00 -8.855820364157066527e-01
2.485204354459431109e+00 -1.458840098862532741e+00 -5.301385474279883825e-01
9.983405264882365682e-01 3.714841504502641167e-01 -4.106720615571186617e-01
1.734334196662491445e+00 1.701965581669540484e+00 1.163456246352291057e+00
1.019975764651464001e+00 1.716691974913731489e+00 5.889034859816738576e-02
-1.133116968722300832e+00 1.207521297913781433e-01 8.901862178092555533e-01
2.089848964236078466e+00 -9.140307936814766610e-01 3.486705554033681653e-01
2.260322391612766157e+00 -2.153773993574530810e+00 3.285496499671911597e-01
-3.230987539664961217e-01 3.221598745197708169e+00 -1.122942842887553194e-01
-7.903076590014059821e-01 1.570858270487986763e+00 2.089531374862586832e-02
-1.346318818606035694e-01 -9.846908384609739384e-01 4.056987106527578102e-01
-1.980887169687916671e+00 2.208001060799812468e-02 -9.363389505395277451e-03
9.738868500849414689e-01 -4.731939910807472782e-01 4.440360411708496047e-01
-1.087255514602646356e+00 -2.242511482401682521e+00 1.074796060894011251e+00
-1.341924135623905889e-01 1.957520917539000038e+00 1.222821767025364270e+00
-1.225749163341804726e+00 6.355869182655218275e-01 5.641710391003946778e-01
1.379547670383001190e+00 -8.937340032485313612e-01 1.141152397904633409e+00
2.761678296752291040e+00 6.263296579152139998e-01 8.244547162249966643e-01
4.325533668993231662e-01 7.415973904843273790e-01 1.106591447280458329e-01
-5.866590192959840466e-02 8.596965579449593609e-01 2.097868577162488313e-01
-1.528918141878882024e-02 -8.521204969703951582e-01 -2.334675800373744448e-01
-1.602209391301554264e+00 -1.623099475129328395e+00 -1.994881363438878730e-02
2.666714449726962144e+00 -1.461902390288845943e+00 1.013546053984150375e-01
2.100510821704745013e+00 -1.555770520051180661e+00 -1.020403245297302863e+00
1.651757156516830971e+00 2.395429406005962214e+00 -5.563913488469899304e-01
-8.838157554064469679e-01 2.381621667809257492e-01 -5.742626418915863784e-01
3.271168491628834163e-01 -8.282582945137925146e-01 6.595771663519228722e-02
8.702973101673179279e-01 2.673114137313363337e+00 5.847490375856235767e-01
8.323275584739765476e-01 7.918536105619997656e-01 6.487335182679279111e-01
-1.326909592410586924e+00 2.080102664077433661e-01 4.224429728229470160e-01
2.971585859411673525e+00 4.492852715178982104e-01 -6.830167704608114398e-02
-1.645249551847008940e+00 2.327124763559889953e+00 6.549611779536059775e-01
4.838320114757568846e-02 3.026134639117854075e+00 -2.691027741573152054e-01
-6.193930133819461892e-01 -1.112511221483299062e+00 7.227837289364624773e-01
1.290274814042325024e+00 -1.113523183256855509e+00 1.175109119997160834e+00
-9.300609824670290626e-01 -2.732393554115251533e+00 1.023557858133810616e-01
4.136727832329496757e-02 3.093724061930684499e+00 2.433191420346282885e-01
8.098231623159924952e-01 -1.865601382582463996e+00 1.107080647034808463e+00
1.711448884185030606e+00 -7.177888793892687191e-01 5.065713330857612995e-01
7.034708437574348494e-01 -1.817055684517696168e+00 1.240646680741474217e+00
1.667734376295110454e+00 -1.081335505856027890e+00 -1.325732091974464108e-02
2.658045938417914478e+00 9.308356177836002443e-01 -8.669086045894490722e-01
9.677491788319556032e-02 -1.125431045843290789e+00 5.227657428368508441e-01
5.322414697154550511e-01 -1.910605039659989846e+00 -1.238720321931870316e+00
2.010789564001343344e+00 -1.227821026601884524e+00 3.824418041555127101e-01
1.869055642407734474e+00 -2.232557930452967909e+00 -4.111353938984851353e-01
-1.149579380336104517e+00 -1.675179436101950747e+00 1.101002993250750794e+00
-1.420424879795824991e+00 4.790373127475013315e-01 3.761962901297442041e-01
1.077899537773717054e+00 4.991624006577374123e-02 7.540835154120301143e-01
9.836340845476628791e-01 -2.456257228347275556e-01 -6.815505851838263851e-01
4.525385772890558878e-01 -1.936553485972693167e+00 -5.372476111953730649e-02
-2.887279038518438812e-01 7.355361143966295812e-01 -2.158266071498373684e-01
-2.325731121799385015e+00 -4.672814051561465787e-01 -9.581391546715420926e-01
-9.758608568982475306e-01 -2.249935946820267763e+00 9.031329374061065618e-01
-1.795871578665898527e+00 -4.081025043837584465e-01 -1.030217155169080023e-01
-2.395252966339274092e+00 1.983253511634177832e-02 -2.039071821737154233e-01
-4.332521258905804307e-01 6.493688524418756991e-01 -1.601400274167979476e-01
-9.100109438377153026e-01 3.331709869606434005e-01 -4.054377658249468941e-01
-2.750065418695787578e+00 -9.104973633696016033e-02 -3.955700930317382902e-01
-1.159058084193256066e+00 -8.449973567749669012e-02 -8.951540262157691163e-01
-9.609861682318880938e-01 -6.608766137864166001e-01 7.390335372590910445e-01
1.845098029429842468e-01 3.155583994238631895e+00 1.125716557500122672e-01
-1.036094448666388557e+00 1.129380797018489480e+00 5.959758489871624931e-01
-2.656571943740490660e+00 -5.001347040462927884e-01 -8.834945097826030214e-01
-2.883466606133934018e+00 1.597050137921982582e-01 -5.587996034278321922e-01
5.160681702581707553e-01 -3.165388384128487775e+00 2.811278656830746292e-01
2.512827099104464335e+00 1.572538667059955042e+00 2.649348597468484945e-01
-8.616577022787417217e-01 8.683818880895283199e-01 -7.719702064861005963e-02
-6.199348455462316831e-01 -1.748329457993084812e+00 -2.199184097047874459e-02
9.606821689064701797e-01 -2.119967631877841818e-01 -3.260467041728456472e-01
2.209097798977760707e+00 -1.099972532472422299e-01 -4.396272789834390071e-01
-1.787197734306512187e+00 -3.101863411435085149e-01 7.418359282177201808e-02
-3.346674675839630964e-01 1.657670604877111709e+00 7.567090620549946633e-01
-1.654501809019417680e+00 -1.294816050819940001e+00 -1.015499528667182405e+00
1.370853209560758845e+00 1.528685333484145481e+00 7.489619186122917771e-01
1.000049090637954663e+00 1.635507611483067933e-02 7.198856363137486059e-02
2.535951466772960128e+00 4.998671200115724633e-01 -8.161631234256132572e-01
-7.081217869307903090e-01 -2.189489281454752412e+00 6.134294011354436416e-01
2.952285560674781095e+00 4.906313506199614372e-01 1.258171919052135102e-01
-6.161360351231492949e-01 1.851044884950618474e+00 -1.129042077478291661e+00
1.323256569083140211e-01 1.965289229803240723e+00 1.122904514594639559e-02
-6.405711666113200753e-01 -1.535993257548150748e+00 -1.201744670486798672e+00
8.150477884715764398e-01 1.936189149471700510e+00 -5.774034323421757542e-02
5.203201176811619311e-01 6.921919383618798660e-01 1.811108027208465088e-01
2.545282253952921181e+00 -2.854521036867440631e-01 8.505878442293091091e-01
-2.364974594923725082e+00 -1.765294548104562544e+00 -1.903746532809273417e-01
-7.835773837966476529e-01 -4.709881797342287957e-01 3.218024023626080421e-01
-1.134624281228498566e+00 -2.128933758948827304e+00 1.179684473014893875e+00
-3.443398906580772412e-01 -1.334742805898719853e+00 -1.114182902511941520e-01
-2.986154609928624915e+00 -1.657685670762631611e-02 -6.392082210913745399e-01
-9.129504327714624834e-01 2.396808355615365205e-01 -6.682635181285900838e-01
-9.301881424766521578e-01 -1.293039955912654637e+00 -1.165009299908768226e+00
-1.333491919137391513e+00 8.496275655736786891e-01 -9.167512468882372811e-01
1.594635468944043399e+00 -1.100684712664016685e+00 -6.484294578745934678e-02
-1.349518390468361417e+00 -2.700710419003192975e+00 -4.821588885276145708e-01
2.600522944364203060e+00 8.793008149496684966e-01 9.475053535310311581e-01
-1.499844772696839468e-01 -9.554351325442722587e-01 -1.811190825352129719e-01
2.791112291910005982e+00 9.093981128986209361e-01 4.243536310880919871e-01
-2.090279792927551838e+00 -1.724672680055135299e+00 9.456474223872053386e-01
2.447358732591701891e+00 -2.093949178719536897e-01 -8.785482699028962505e-01
1.997025692090229398e+00 2.422344426140563556e+00 -5.087441586728355114e-01
1.300060169253980380e+00 -8.168943589050907672e-01 1.158139042453169676e+00
1.617190394739908887e+00 1.767330646462363486e+00 1.176430106872696113e+00
-1.162632101962126852e+00 2.149851904884246157e+00 -7.607862625993655481e-01
-4.163816063635410458e-01 1.978257959494308382e+00 -4.785602695463214706e-03
-1.977238078217311346e+00 3.276613158269995330e-01 1.002269894593038391e+00
2.428064654164811209e+00 -5.465268308195210256e-01 -1.019115534599743134e+00
-2.956292273839518536e+00 -9.032387558864477528e-01 -5.989299501592292296e-01
-2.721607227615722824e+00 -1.485509887740856572e+00 -3.650165312648661620e-01
8.259060532411963695e-01 -5.695721520340311095e-01 1.530048436114016253e-01
-1.155210984198168811e+00 9.101123845806802226e-02 5.294616844253509091e-01
9.821628099069966700e-01 -5.286532543645503512e-01 -8.004773521303647499e-01
-8.144949852407642465e-01 1.500081894265626659e+00 -9.800256317989826105e-01
1.008011694199391517e+00 -7.203807330735829684e-01 7.833481210888217916e-01
1.228556249416245416e+00 -6.404799476949279979e-01 1.069972665161932124e+00
-2.282411259526065717e+00 1.505983016638539285e+00 -1.003787715305513695e+00
-2.691067406298465747e-01 7.060768609824848996e-01 -1.143611123091340387e-01
-1.257793861338538877e+00 2.466869870111804697e-01 -8.771468993795853430e-01
-4.644001483626876703e-01 1.863521209543461676e+00 1.197291671994679119e+00
-2.177994823335814567e-01 1.665638400720127477e+00 1.117352711072206350e+00
-1.511412469702726247e+00 -2.095928845742584645e+00 1.006014870041695985e+00
-1.125794056803869347e-01 2.195910391467132072e+00 -1.228915110171375780e+00
1.317605580119898478e+00 1.649024870348823724e+00 1.098062969056526894e+00
1.397144638628583860e-02 2.154046990390502625e+00 -1.237477948599850164e+00
-1.252462427046163729e+00 1.218797220342274557e+00 2.906516434114841951e-01
-7.624819494347616633e-01 1.484475162022494077e+00 5.524265058254222982e-01
1.192918684372264337e+00 2.079320267524310539e-01 -9.359227505461493735e-01
-4.589337487451376485e-01 1.673346024806320331e+00 -1.027339465839437915e+00
-1.396780375053306766e+00 -1.989713216334773049e+00 6.310519000559471348e-01
-2.287810959484467332e+00 3.001335297593543672e-01 -1.818455532881455006e-01
-1.775338789807279216e+00 -2.154136735063722219e-01 9.083765445089013457e-02
5.200999461225507270e-01 -1.604406577966537961e+00 -1.605165352974017856e-01
1.139394386425016670e+00 1.209249104640836903e+00 2.801884323265307342e-01
-6.067110572962542969e-01 -1.498229893983115124e+00 9.407926129461702258e-01
6.985965293262244580e-02 7.601333906350895564e-01 1.821082914770970618e-01
2.551477898951336476e-01 1.583404971370772740e+00 -1.019898927709379066e+00
-1.688601557324534541e+00 9.694056824592279797e-01 1.035535185895717802e+00
1.159515031792245132e+00 6.117204976263594940e-01 -9.718015077362269771e-01
2.343395019806706614e+00 -2.533444768528398394e-01 5.954976289515744314e-01
-7.922296995274561229e-03 -2.067899047385270084e+00 2.037114358889939303e-01
2.315091856328459929e+00 2.322280457970978540e-01 6.901625164224292064e-01
1.144373732955042300e+00 2.243187154162203711e+00 9.822093887516065713e-01
1.624139014966547778e+00 1.815579140554072657e+00 1.144961567463318008e+00
1.128109532048103381e+00 9.486135435128655313e-01 -1.101517661789565228e+00
-1.710336106372218445e+00 -2.475000826756346584e+00 -5.312710293103772852e-01
3.869579274708930261e-01 -1.590970346158530724e+00 1.068585125798403812e+00
8.366211180456045726e-01 6.667208306008167717e-01 -3.687411494495106412e-01
-1.201384976746058486e+00 -2.877695134746321770e+00 -3.561796134759838695e-01
9.914981296651723675e-01 2.543305266078222715e+00 -3.739212901596433714e-01
2.211181735243553381e-01 7.900423785453974945e-01 4.719736261538032274e-02
8.041968361917090080e-01 -7.713539193421324880e-01 4.738367264055355355e-01
1.905045282952050334e-01 -9.308341559862877146e-01 2.476182597137229768e-01
2.823605556343991019e+00 -1.736379907697762626e-01 -9.100568817428199564e-01
7.840310346749737591e-02 7.594612926896568972e-01 1.823976260417783379e-01
2.274783097754453198e+00 1.578522066682530367e+00 7.732124368422308436e-01
-1.001342499715236034e+00 2.529310229599486703e+00 -7.826321153928877949e-02
-1.647127976321187015e+00 7.575221654538077942e-01 -9.826423814343195895e-01
1.982632642993202188e+00 9.641671258541381073e-01 7.483161753622514789e-01
-1.327264227069294034e+00 -3.333677828743189520e-01 -4.471413823080315764e-01
-5.380339187906189036e-01 -2.168424225956341989e+00 1.224207948401793811e+00
-1.607490102423672962e+00 -1.127886855795413368e+00 5.774248550377223885e-03
6.203195483180417025e-01 1.400693413238118135e+00 2.664590043958531829e-01
-2.090448451356356152e+00 -6.386425013170897724e-01 1.309864463602763984e-01
-6.284058987700587018e-01 9.556115140859445800e-01 -6.438597471234441816e-01
-8.890817377841965241e-01 2.312551803395040684e-01 -5.722624689910392748e-01
1.179257169350496515e+00 2.705940531984554198e-01 9.144874088998585782e-01
9.469135480651141856e-01 1.838600845493190805e+00 1.211274546229558435e+00
3.661758300879458528e-02 -2.867764047961161911e+00 2.531537273374422914e-01
-1.016988074498246686e+00 -1.032034996756813428e+00 8.489423473998357617e-01
3.824879533042409019e-01 2.607838044755635742e+00 -2.486557647322767406e-01
-4.014720989548902774e-01 -1.963790963462797245e+00 9.804722359318016403e-03
-1.962472547501808107e+00 -3.087960858947759735e-01 -8.052020876395679996e-03
3.957770030540441186e-01 1.124369245955033403e+00 -5.892960099291385534e-01
6.638934228700853479e-01 1.907355000377690235e+00 -1.210704242707727918e+00
-1.879213335673089125e+00 -1.879569017698594413e+00 1.022835284025839009e+00
-1.409416888908958665e+00 1.576109752641847939e+00 -1.399295084732957439e-01
-2.728493021504138749e+00 -4.186686414143362192e-03 9.182465187978280374e-01
5.002107577994784338e-01 1.946952453088462986e+00 -4.887288682767108525e-03
-1.516069647817027688e+00 -1.806389685876797380e+00 -9.356131987806861616e-01
-1.951259407583568306e+00 -2.290427896144245010e-02 -9.999312122992034535e-01
5.005222187397779798e-01 -9.699562611870308215e-01 4.280255268629679644e-01
-2.400313250513397278e+00 2.051460147752790064e+00 4.557086896189582181e-01
-1.826179399766067801e+00 -1.225915829049573080e+00 -3.418479521542654165e-02
-1.973651902225252552e+00 -7.530969474898940863e-01 -9.954957933787937918e-01
-3.110197600882731728e-02 -2.370360703225586896e+00 1.182349511511590900e-01
-7.247207402261512943e-01 1.411274643325879818e+00 3.202827534096333584e-02
1.876620091706759252e+00 1.705095232760175605e+00 -4.646310287591215449e-01
-2.030186288643984760e+00 9.623654055476458247e-01 -2.033007012449906670e-01
-5.441762749007637325e-03 8.145762626455343991e-01 2.211466350768416800e-01
1.199245936359450010e-01 3.170160296468781613e+00 1.004716093981962155e-01
-2.137376777709194098e+00 -1.665147913367962085e+00 -7.895965928083110708e-01
2.126781497365210605e+00 -2.306413121507896680e+00 4.839992562416926547e-01
1.597684733163498016e-01 1.173758578252356966e+00 -5.847823206363179649e-01
2.808630323480874935e+00 9.323637290198673322e-02 9.450829456584013410e-01
6.232756199177734713e-01 -1.892386507791881778e+00 -3.972355651602798091e-03
2.928947341194175491e-02 1.616646382869435961e+00 1.286312302279470077e-01
2.944343013564223011e+00 -3.707810854294690817e-01 6.416067771915527906e-01
-1.384280747667306688e+00 -4.334230250004750262e-01 -4.066756496508400764e-01
8.776546584730778866e-01 -3.679268898725325254e-01 -4.183928947319183189e-01
5.385102791728009208e-01 2.796352306380115671e+00 5.409473911329499840e-01
7.623951816649696678e-01 -1.958571651424940496e+00 -1.245808293074277762e+00
2.824848031999085851e+00 4.197622701897724129e-01 8.095627334953197085e-01
2.741357768253202654e+00 -1.274305091113415056e+00 3.293468807266394793e-02
-6.997608210187838962e-01 -1.322987985125325450e+00 -1.096924133549343816e+00
-5.323152740389003323e-01 1.472698788955162152e+00 1.104359262793105811e+00
-2.484425765365340322e+00 -1.199667441273077673e+00 -2.095848586506918465e-01
-1.195768987449644438e+00 2.309733507417530696e-01 5.478284501835830600e-01
-1.655863479607321720e+00 -2.828844374626764968e-01 1.293531451655029751e-01
-2.645248859112503848e+00 2.863201978760856470e-01 -9.596910821493859212e-01
-7.091594108219143600e-01 5.003421678544607287e-01 -3.137948128076750165e-01
2.853695307547274851e+00 -1.031554731648893553e+00 5.074317982351457257e-01
-7.462292300722228600e-02 -7.476689997335063120e-01 -5.468613792491960890e-02
1.762250874713392257e+00 6.429335474551363117e-01 1.666099066761833614e-01
-1.302941248036284083e+00 9.175318235961670288e-01 -9.186397720815908663e-01
2.616722700094744170e+00 -1.466594575191512595e+00 7.493648087846040973e-01
2.960090925431244191e+00 -2.271304085168906473e-01 -3.959167475762033206e-01
9.438640504115061169e-01 1.746757445858706959e+00 2.004800879298616889e-01
2.743506079803200937e+00 -1.251877804227154112e+00 -1.029938058519166977e-02
-1.101494769699289833e+00 6.201024893727231646e-01 7.420053100481232011e-01
7.324172499006771642e-02 1.564344675752503688e+00 -9.635990302571429966e-01
-1.443858520165266501e+00 6.373953559449421769e-02 3.059254528414956931e-01
-8.100265080869467615e-01 4.041919078534284560e-01 -3.863101751316538879e-01
-9.936860765411436036e-01 1.895118585025546976e+00 -2.228445856778646927e-01
1.415563615429681343e+00 8.088931821320750615e-01 -1.117722601471369037e+00
-1.921980931527917713e+00 9.335143247465216287e-01 9.936397701017405382e-01
6.109719522665872926e-01 -1.800195538562803010e+00 -9.847277889396518491e-01
-5.761091566281343473e-02 -2.642434244675277100e+00 1.918795412650791676e-01
1.351874772642926770e+00 -7.984650577409815320e-01 1.153572927720301733e+00
-1.254230264332167222e+00 2.435902981393021527e+00 -4.262964486050296875e-02
-2.930187956606695288e+00 -2.797046092473428058e-01 6.678665677471729012e-01
2.638647565547892260e+00 -1.372991094601543116e+00 -2.247416225437864068e-01
-9.811434735494379833e-01 4.963762317631661980e-01 -2.574864085186919782e-01
-1.868777222188918952e+00 2.693289158481582124e-01 6.646215009236747240e-02
-4.669526892512766425e-01 -6.499169711876016109e-01 3.216952554849945578e-01
1.549041699576376274e+00 -2.768846002249625737e+00 4.326930510462311807e-01
8.948645054946552380e-01 1.329249402248017020e+00 -1.140298230044714645e+00
5.910598774802311439e-02 2.245649647853002140e+00 -9.753892925374344491e-01
1.575628435278705108e+00 -2.356548148617343408e+00 -5.570891014001775332e-01
1.330292739611220743e-01 2.612784196732074626e+00 7.988921003671913823e-01
-2.694441621640256912e+00 1.475597983778086153e+00 6.075874291609073552e-01
-2.814692996498954880e+00 -2.498501938175606008e-01 9.039866837033544433e-01
1.308282112914967987e+00 -1.282045258596692827e+00 1.071915336112872819e+00
1.208373969013830873e+00 -5.369594351019599254e-02 9.659896282716072813e-01
2.528070358589209032e+00 -9.293154930008792891e-02 8.718619845938806456e-01
2.300549958210521773e+00 -7.792065399476806320e-01 5.634789829548395579e-01
-8.856036270812749356e-01 -4.008176847849121982e-01 3.537120195266155731e-01
1.750972238070989784e+00 -2.280761193944741194e+00 5.727751325823726702e-01
1.074624710921314508e+00 -9.548575659798751447e-01 -4.903485135327155797e-01
1.478375269757560284e+00 2.014068954648906840e-01 7.767830838797734616e-01
1.025261397576149092e+00 9.243967963946250754e-02 5.826882013563469132e-01
9.240395505346019611e-01 5.728305361267335138e-01 7.731735930909496846e-01
-1.334489860087151314e+00 -2.163345875165891385e+00 1.071014913404256585e+00
-3.121522290757703377e-01 -1.623769106991898692e+00 -1.133961610846070611e+00
1.107033760550667267e+00 1.894662735592855585e+00 -1.284437616827059370e-01
-1.018761401878570894e+00 2.695962015838210490e+00 -8.772804798512301439e-02
2.035509906607775310e+00 1.139804770391491084e+00 -3.722579339883041460e-01
1.578757510302369604e-01 -2.125817497203745798e+00 4.675001239877277781e-01
3.926161920946423523e-02 1.948396148246064774e+00 1.241534740703496453e+00
-1.198947107792257327e+00 -5.496436794223733546e-01 1.902114287839483664e-01
-2.221908922378215134e-01 7.364433332746140870e-01 -1.358102495145390165e-01
1.611439902836895754e+00 1.691596035022705280e+00 1.203691105661584881e+00
-1.647866357817944660e+00 -1.773820489809116108e+00 -2.532660021603364009e-02
-2.665908229573185295e+00 1.619657772388674921e+00 3.508107986949050017e-01
1.669168078745067785e+00 1.287889574468555676e+00 6.821365435064797866e-01
-2.428254602116345084e-01 -2.117345537577633330e+00 3.348803683157870470e-01
-2.023940594743644517e-01 -7.281490882662859931e-01 -1.394482488478843152e-03
1.963850421173411798e+00 2.457734766566589624e+00 -4.899141386292369393e-01
-1.040869057364079753e+00 -1.224347381591738282e+00 -1.149669840105471463e+00
1.488858770204478654e+00 1.598736759491236947e+00 1.145374238010936185e+00
2.812566976988007283e+00 -6.935444449995011862e-01 -6.192049918341282488e-01
1.347262000844633656e+00 6.279743113927754861e-01 5.947180372411053906e-01
2.859890747110524489e-01 -8.520737425146285293e-01 1.078089605505912485e-01
-2.299045129978308122e+00 -1.833016977073160136e+00 -1.703221820005259013e-01
1.380833341888117793e+00 -2.875467793602564992e+00 3.805851112572660733e-01
-1.360856071054373784e+00 -1.549478688927656167e+00 -1.049185979313123740e+00
1.934565245880517148e+00 -2.457570668351066967e+00 5.382094606066796239e-01
2.761612327564022973e+00 1.240605118314592969e+00 -7.238569795855323563e-02
3.418602420961707744e-01 1.134233250237534074e+00 3.690369519248973829e-01
1.912039117003739630e+00 -6.571192964265866188e-01 2.995670458994730348e-02
-9.130910961664526759e-01 2.110656166543790402e+00 -1.202554164879698906e+00
2.921637469135756060e+00 -4.765198095692844138e-01 7.100290293435059796e-01
1.948038910071153262e+00 -1.359031530534603904e+00 3.788351944029261231e-01
1.720011306009564978e+00 3.270384530524945710e-01 3.915002829716299204e-01
1.039261499853133763e+00 1.743974506618717779e+00 1.088298240831511610e+00
8.087704577247503135e-01 1.305283303912330162e+00 3.079079216659199592e-01
-2.953439811948189497e+00 -8.017031664614783226e-01 -5.057522339655897703e-01
-1.418095006038130101e+00 -1.433222464727123224e+00 1.064373172169272852e+00
-2.643038642259058602e+00 1.045409905222575597e+00 -9.069179396754034617e-01
-1.779696019784684502e+00 -1.939091216384546845e+00 9.123117586417963665e-01
-2.465199196011905514e+00 -1.615969094073111401e-01 2.626125136175005426e-01
2.144063899993598810e+00 5.397305815486322933e-01 5.660335259370211647e-01
-8.089520319293270756e-01 1.426729734266426020e+00 1.184906232792822367e+00
-1.397484753896956144e+00 1.018869501408010469e+00 -9.633728894352574512e-01
2.289920225907149831e+00 1.574372357740272843e+00 7.540607430705090763e-01
2.852794779532754177e+00 -1.055170807395261617e-01 8.989218484749336158e-01
-1.907908250534815275e+00 -4.534351550770667760e-01 1.001514376221821934e+00
-1.176670821176896586e+00 3.404199860301458658e-02 8.921228097305377025e-01
-1.958430030132802813e+00 -1.265913742186900892e+00 3.151861200072010316e-01
-1.741094627506378556e+00 4.187112902990204333e-01 1.383684295018147992e-01
-1.006634460156530020e+00 2.136641000524365008e+00 9.485058674346300567e-01
-1.838388941821689659e+00 2.776029815989425886e-01 1.007458102537309275e+00
-1.047592997020866612e+00 1.414378911529834193e+00 1.147917341108072087e+00
-1.301313677229125831e+00 -5.370553782958168432e-01 -1.035731249501898432e+00
4.995092236717608158e-01 1.882620089109470429e+00 2.531817521994859932e-02
1.482878321520807674e+00 2.798665923492533292e+00 -4.432702296158358979e-01
2.151234428859495118e+00 1.321777306091126647e+00 -5.446066993272289380e-01
-1.837520203378691708e+00 -7.418093859607228779e-01 5.126709685903193744e-03
2.964805163913159181e+00 2.298445851567511022e-01 3.575341684315857527e-01
9.619221241482412976e-01 1.645915722875493703e+00 -1.203426317864396022e+00
6.784688215072972595e-01 -2.358105463280245395e+00 -9.971527242990143591e-01
-3.735480892404997588e-01 2.262378230661832301e+00 -7.539949145919685458e-01
5.518926658352273085e-02 -2.056904634581707469e+00 -1.208529055173757971e+00
1.786059399046228569e+00 2.212093949231519474e+00 5.498165834432577892e-01
2.527166255157578867e+00 -1.623833848299399474e+00 7.369084274370398813e-01
2.374373957170996974e+00 1.736605462406962674e+00 -7.376795353520920751e-01
-2.021757757033086467e+00 -1.008089619624396027e+00 2.181304820651525922e-01
-1.982861133308895685e+00 -1.341148914965922812e+00 3.852184108878115021e-01
2.704058695534504064e+00 1.437765919554579774e+00 -3.022533369248527890e-01
-2.332989585869470694e+00 1.718373954694025318e+00 6.959428142550632135e-01
-3.914327276444425074e-02 1.382123287626169095e+00 -7.924186617834833024e-01
2.276336220910915920e+00 -9.462866872074749969e-01 5.677087943955523297e-01
2.258920234181037046e+00 2.162636614802873947e+00 -4.680812042673771489e-01
-4.982619350903385036e-01 -2.486374650590681856e+00 1.140210980260656093e-01
-1.137303894588318043e+00 5.426838551475728079e-02 8.784164561347016509e-01
7.017044105373341223e-01 -5.815340482926040222e-01 -6.079512029201317169e-01
-1.058422629627557177e+00 9.839232746798489693e-01 1.112001758603526014e+00
2.236613957343262182e+00 9.987524311913946740e-01 -5.371961728226235522e-01
5.374720704437688235e-03 2.028242240356573856e+00 -1.233715560480151741e+00
6.360195033485752103e-02 1.764293733154688182e+00 1.107921225774543217e+00
1.581213131414011208e+00 1.703523056864460594e+00 1.206723184275677818e+00
-1.543305956206806773e+00 2.117108506424882020e+00 8.015518104138228406e-01
-1.459892668542121186e+00 1.570209103205046475e+00 1.017524912642665980e+00
2.815622217484979206e+00 2.126680468568144522e-01 -9.402270308583422498e-01
-2.084233063359435700e+00 5.100953938860323111e-01 -1.015686178926660244e+00
-3.420070621596132399e-01 -7.635647065420144708e-01 3.080659156692093781e-01
-1.007384788263148367e+00 -6.580488481077533258e-01 1.679927677140002074e-01
-1.742211937079775508e+00 7.654402262358732216e-03 9.919369379159452826e-01
9.676824454926119534e-01 -7.501109172619112586e-01 -6.699855808157406667e-01
-1.046544706408352843e+00 8.160037744825561490e-02 6.615987852832996285e-01
9.991836106635098025e-01 -7.991983257863723156e-02 -3.032954533876163761e-01
4.670618286417013154e-01 2.307183896224425990e+00 1.065480032424771517e+00
7.616599552911292870e-01 -6.860818490945095327e-01 -6.890329704720863369e-01
-1.688316804555038297e+00 2.405480034878050066e+00 5.893545641636910304e-01
-1.154932781793025054e+00 -1.586860599632620383e+00 -2.659706315890630890e-04
2.678761238405395151e+00 -8.686526565381892384e-01 -8.104540830617251723e-01
1.214197395581831707e+00 -8.030497008805113079e-01 1.112827114466642175e+00
2.368787068181773758e+00 7.446153048536335861e-02 7.105416380031559509e-01
-1.076807639906759428e+00 1.096191184419912812e+00 5.681167814265029037e-01
-1.700595693519824980e+00 -6.605378420587779686e-01 9.844855861038678269e-01
-8.754068092130298240e-01 -3.120598227684466597e+00 9.728337746659376783e-03
-6.617040841754403546e-01 2.017997776173116709e+00 1.094890604787368993e+00
-1.408658932394607266e+00 1.175479401352124142e+00 1.749497640392833064e-01
1.654897580532765367e-01 -8.862845739547241530e-01 -3.523200929237453316e-01
6.050423642150852821e-01 7.384839904472827454e-01 -8.770343978793648798e-02
-1.238896388790715064e-01 2.922113590006071959e+00 4.784722242974897011e-01
-2.009487585784483610e+00 -2.256336265815584233e-02 1.000040743176571212e+00
2.965289309490219072e+00 -4.321815377319644380e-01 -8.266066816859625466e-02
1.185951325209728235e+00 -1.426063739297060151e-01 -9.466115227478717475e-01
-2.030452747619130305e-01 2.890483632556970051e+00 5.138453864403751403e-01
2.354473480788701778e+00 2.749969283793795571e-01 7.780802921921186055e-01
6.744171084346881062e-02 8.029306435354183202e-01 2.602703642445639565e-01
1.651656273562892352e+00 1.611549485433708684e+00 1.200681675003218318e+00
-2.042783228305586007e+00 9.042171984327825041e-02 2.117233163955404424e-02
-1.160906207031655868e-01 -7.481008341212024293e-01 -7.148505469812116431e-02
8.386910257446908989e-01 1.871179873443292729e+00 -5.039341726431683099e-01
2.940199375651172620e+00 6.794254022735249920e-01 -3.320983375928959758e-01
-5.377138005285121425e-01 6.084560046592554228e-01 -2.093774961871874285e-01
8.251082185313132200e-01 1.683371601949517737e+00 -1.240700722258833100e+00
-9.106143098113436141e-01 1.067417120304729794e+00 1.085267730551255694e+00
-1.068493862700039543e+00 -1.413029992816123626e+00 -3.072759178392361346e-01
-9.978362833321934300e-01 2.774931068507390908e+00 -9.274672737273953471e-02
-2.341089971995638841e+00 -1.335398534291446948e+00 -1.617524179717238220e-01
-1.203789327581113122e+00 4.442368673157225806e-02 -8.874693343652784172e-01
2.528939116131530884e+00 2.784839723090590802e-01 -8.347327972137026375e-01
9.384011577404585136e-01 -1.549143634343235876e+00 1.234026591219051561e+00
3.329758448740898630e-02 -1.609392539431062419e+00 -1.314778296859035467e-01
-8.146887480507463142e-01 -7.379281833612340025e-01 1.276636542961537280e-01
2.025603884835671387e-01 2.030823002165860203e+00 -1.471502678927072705e-01
-1.471180127728728193e+00 1.705827858220674287e-01 -2.319052070983569913e-01
-1.985745079987417117e-01 -2.709833515204304266e+00 -6.983077159744889295e-01
2.852786663746942786e+00 -4.090353505959178904e-01 -7.390064981806263589e-01
1.625780559890845245e+00 -2.589890192051449436e+00 5.483737959883067115e-01
-6.481474349112165134e-01 -5.442920676531399771e-01 4.636347742205437772e-01
1.709727309377679250e+00 5.642076109960032504e-01 2.750029843325211831e-01
-1.937737849749455066e+00 8.002597953766952266e-01 -7.489266406573905077e-02
1.448582259022198171e+00 1.174616369049155562e+00 -8.362010973913013290e-01
-1.648602658823343337e+00 -1.298101592778508229e+00 1.064836301023929899e+00
-3.009250617179693332e+00 3.080190306216892826e-01 6.109985500935275482e-01
2.275785218380585562e+00 -2.138200500989245523e+00 5.002341631731609395e-01
9.522150116098410111e-01 -1.643120072463791548e+00 -6.665623725002729760e-02
-2.948880949244524263e+00 -6.503565058783538078e-01 -4.929401232894357610e-01
-1.210913902758678384e+00 1.592459593347581359e+00 1.081155017214115333e+00
-8.340190432696620304e-01 2.101358870670178902e+00 -1.206102345949357169e+00
-1.557088779851432347e+00 -9.623392322886601402e-01 -1.059204087078695400e+00
-1.245481702210268077e-01 -2.352372058393619625e+00 1.059654505034850064e-01
-1.420177764596336711e+00 2.010581917109230954e+00 -6.823671743836585701e-01
4.486677428625260866e-01 -1.616389964200935614e+00 1.110342807262084674e+00
-1.853144739902441440e+00 2.627096817579534616e+00 1.709845948486531930e-01
-1.375836617671716944e+00 1.329853744654914793e+00 9.818933634885852746e-02
-6.404875181230245129e-01 5.109168794787597445e-01 -3.479150127919669044e-01
-2.025065687861207220e+00 6.140448929064568073e-01 3.809847851878125913e-02
3.069711060847946649e-01 -2.078384625568212574e+00 4.108911491627731394e-01
2.873541788318487722e+00 5.390167878535037094e-01 5.530024011100563852e-01
8.262346410048768686e-01 5.478464109799057180e-01 -1.024492714943721072e-01
-2.044078932250759983e+00 2.149043002488970622e+00 6.067675961268935714e-01
-2.807662926193176922e+00 -1.271688824021649511e+00 -6.135692176941813791e-01
2.500928546171540923e+00 1.371783055209638613e+00 6.212704057088107579e-01
-9.494441686724015561e-01 1.251880693521533638e+00 -9.035287223324814931e-01
-1.304522306634815942e+00 -3.730162255508732705e-01 2.320240523204710470e-01
1.150950101499660150e+00 1.349021239933398508e+00 -1.205803447943393003e+00
-4.182125465347451554e-01 -6.984683149304352634e-01 8.321465544570882944e-02
-5.535199073431754657e-01 -8.399906031258633776e-01 5.374422672092129538e-01
-1.429689840788642419e-01 -1.981408251924709596e+00 1.203890616722393503e+00
8.587525452136084425e-01 4.184784342312500849e-01 1.779153355667898728e-01
-5.702250422111074801e-01 -2.086928726330205652e+00 -1.084901548092708001e+00
1.460649558829904882e+00 5.810762333713405114e-01 5.348720777419041505e-01
2.291379918324563558e+00 -1.640768111798813766e+00 -6.609772041253051400e-01
1.072739496248740210e+00 -4.264820984149576139e-02 6.626544266360244739e-01
2.295472558613235403e+00 1.016909652164904587e+00 1.127349897478163054e+00
3.896837059215730314e-01 -1.514146797996598570e+00 1.006386171818482778e+00
-2.665867352412799818e+00 -7.068207713897889377e-01 5.691537258156985635e-01
-5.713301450125199965e-01 1.361934014804886406e+00 5.833909920748664435e-02
6.875248614352960086e-01 2.415929636207162723e+00 -2.448101145407560186e-01
2.127864088571021495e-01 -1.074207776872525111e+00 4.645186281936854455e-01
-1.655508945664155851e-01 7.910168076957344585e-01 1.090995289342057140e-01
-4.560175086646585663e-01 -8.846525770810578226e-01 4.990142472839659282e-01
-1.073737988809994270e+00 3.617270912479172429e-01 8.808008335916506226e-01
-7.046453450162469823e-01 3.111284831474328882e+00 -1.011016237335145007e-01
-3.375180065988135358e-01 2.432879284282158938e+00 9.174577797071200580e-01
1.297956671517559002e+00 -1.579863785664266329e+00 -8.088511784443153108e-01
-3.100735174599971722e-01 1.611307530059800541e+00 1.054530686452258337e+00
-1.753777997513673359e+00 -1.247075903295461474e+00 1.486966077709176715e-01
7.617734753476501641e-02 -1.217558301017150013e+00 6.291140983163343581e-01
-1.192622920691596367e+00 2.653359367037276595e+00 -5.938558187149456380e-02
1.406476795557637827e+00 3.216248723994821063e-02 -9.697381912471962906e-01
1.743352246322248611e+00 -2.244204100433093707e-01 5.487075658404539924e-01
9.962092864933179692e-01 -1.776797668832051369e-01 -5.898729341888242494e-01
-2.436621919297017769e+00 9.675042568947349597e-01 -1.028114670150958254e+00
-2.357325255047359569e+00 -1.460777699079830461e+00 9.188014846195884378e-01
1.161657347511524607e+00 1.419029583310511766e+00 -1.172845542330845481e+00
4.610202933633130717e-01 7.150268319494604841e-01 4.892438057082522662e-01
1.245391693586068937e+00 -5.064216953764162366e-01 1.049413061581211171e+00
-8.142212338958072504e-01 -2.152369957531491629e+00 5.739532516667251727e-01
-1.344440002879025542e+00 -2.517639556556834912e-01 9.040395611737007675e-01
-3.925045904024072607e-01 -2.308231850168085852e+00 9.556216012176661501e-01
-1.381076228153564012e+00 -4.493565216181196753e-01 -4.101252337442454765e-01
1.042199142455454641e+00 8.077864025005073723e-01 6.116436283320934031e-01
4.197946359708046304e-02 -1.760373948654506693e+00 -8.863170782445444207e-01
6.568248800531512055e-01 1.659362217345792256e+00 -1.210653383581899112e+00
2.013651942980545506e+00 2.014697880429990207e+00 -6.337121633118139030e-01
-2.520365837160172706e+00 1.550689195796579357e-02 -9.639208356122920263e-01
-1.269993733292420268e+00 2.592011541742294534e-01 4.838525644366556966e-01
2.555293938605000537e-01 1.015000437055011862e+00 -3.871302139399210862e-01
-2.393505294759998847e+00 8.458116069482264354e-01 9.032281534552286661e-01
4.052674490314388533e-01 -7.785217712824225034e-01 -2.081022237283214338e-02
-4.124148214601811580e-01 -2.292026795015348117e+00 1.161259236167019537e+00
8.722222181848806599e-01 -1.136788962089573918e+00 9.812501870075331922e-01
-2.869141812319340179e-01 -2.111937754870095496e+00 -1.132028845354246416e+00
9.679431260336586185e-01 3.423720818231992258e-01 7.748405924285728386e-01
-2.051667896668867286e+00 -4.222660303124602110e-02 1.000101875619548109e+00
-2.822116357518841490e+00 -6.540402197105146254e-01 8.643960469883671394e-01
-2.836265934322526050e+00 9.736104594506712895e-02 -8.868208983081221630e-01
-5.311893680507064897e-01 9.540638142293387247e-01 2.072101879191717844e-02
2.291841911798183362e-01 8.496728217942244310e-01 -9.655988366635548381e-02
2.356184977177180062e-01 -7.949725713266100335e-01 -3.329549967354406004e-02
1.023518526567819276e+00 8.185736029099383027e-02 5.529199667504390847e-01
-1.914233558426208459e+00 1.732162450238942109e+00 6.492166820192299403e-02
-1.056196319461528033e+00 -6.497652701085355753e-01 -8.375090143267325260e-01
1.720579445103239458e+00 -2.588367475592932898e+00 4.416797508893477442e-02
1.619161516737148476e+00 1.145190310164603487e+00 -1.064958056405839321e-01
2.071385044520241081e+00 -3.835975071322324237e-02 1.398760731210359765e-01
-1.050951282158975736e-01 1.213940363375137332e+00 -6.364967733721762499e-01
-7.496254181505586367e-02 -2.781268694786857676e+00 2.206765527815813255e-01
3.356831498122780366e-01 1.257318933002263828e+00 -7.273464875716880718e-01
-1.113185268851874854e+00 2.984924071002004187e+00 2.505617704718390293e-01
2.452068500127583484e+00 -5.951703371474454940e-01 -1.055382025865095219e+00
-1.647029258180607192e+00 -6.248575200280509501e-01 -1.036420224099347420e+00
-1.068573739247638654e+00 -2.839657660755418034e-01 -7.685358595169160534e-01
2.763426882638185145e+00 1.293657539242279553e+00 -2.752617170090599363e-01
2.895673910919152494e+00 -7.134954270095902329e-01 6.946424902757395436e-01
-1.884209241536658475e+00 -1.618089436295864214e+00 -5.786421440447137021e-02
-8.163980256553340364e-01 -4.901799005684659427e-01 2.943922570504428626e-01
1.618640109717311981e+00 -7.707129000419832288e-01 7.461041678493168794e-01
6.714529574370268206e-01 -1.797747034653179643e+00 -6.552247907437052099e-01
-1.326504198546813784e+00 -1.627704746822442150e+00 1.278685944796995599e-01
-8.952136405121270402e-01 1.070846243117062002e+00 1.068594941473176796e+00
-8.754194789634266449e-01 1.010122290494483988e+00 -7.856161924162337051e-01
-2.902451274753180765e+00 -1.067900139911324597e+00 -4.770083785203561577e-01
-2.970761690478928685e+00 -7.174818174738382126e-01 -6.685508319673688638e-01
2.223302366508283612e+00 -1.576175351527747459e+00 6.647637347280214160e-01
-9.252452447403939351e-01 1.083139160606675144e+00 -8.316268312214251113e-01
1.060440643833486796e+00 -8.879874303075835362e-01 -5.455440153639588008e-01
3.078446971493408735e-01 2.050421541839838380e+00 -2.955595186598767854e-01
1.686097818458692776e+00 -1.802476141009402122e+00 -1.123051716726320759e+00
-1.620320238083701625e+00 -4.085318967685681590e-01 -2.220544438942195220e-01
-2.978141420831057484e+00 6.144820699798419356e-02 6.091482020110399187e-01
1.717329047798345609e+00 1.279593887688227349e+00 7.951930981737251880e-01
-8.138873892470621652e-01 5.217526254869235824e-01 -2.677265554746168785e-01
1.424143447652086225e+00 3.605679954054388792e-01 7.261113843621379571e-01
1.577039788893468186e+00 -1.072526553987822817e+00 5.184874792171819680e-01
-3.248037665427633280e-01 7.451964456341151344e-01 -2.694221801745335654e-01
-6.748115572151635044e-01 -1.587059324970090168e+00 -4.940154148911574117e-01
2.221293180954264201e+00 -9.306937191435786794e-01 -1.068843368633934698e+00
1.304531534527485936e+00 -3.134891622338994432e-01 -8.505981880400365069e-01
2.772778354925313771e+00 -2.467928233907019375e-01 9.615434987793779475e-01
1.152615895334914597e+00 1.689873629900971341e+00 1.031242904366587387e+00
-8.549119883527175334e-01 -3.661205600243350178e-01 6.311658247366411789e-01
2.692163541300124585e+00 1.151157627951292950e+00 -8.249729020232970944e-01
-1.144342487631106797e+00 2.152940103223266011e+00 -7.551538647218395406e-01
-8.383613145634071229e-01 3.048489578672248790e-01 -5.254073703568046261e-01
2.606213963078231721e+00 -8.885673311313310174e-01 8.510975630350268162e-01
1.974183072125802463e+00 6.612357184229241680e-01 -1.133766002525868205e-01
-1.895044518839454684e+00 -2.595140742315245053e+00 -1.807470575057925077e-01
1.250263187083004768e+00 -5.618590420959687082e-01 1.068326867360503307e+00
1.737181915541285093e+00 2.624194576427252290e+00 -4.946658165258311368e-01
1.112154658588483169e+00 6.028829919160322293e-01 -8.884240413131593295e-01
5.606173853691422959e-01 -6.889524684713714819e-01 -1.241719110021214934e-01
2.811096657123500098e+00 -1.149481682400681493e+00 5.768820151921913997e-01
-5.267541280762163547e-01 -1.993358280722433040e+00 -1.137760670774287775e+00
1.085178150093253802e+00 1.611505324843236775e-01 8.506151338490068881e-01
-1.727911282765393075e+00 1.771020961233530588e+00 -5.856588584080868465e-01
-2.447811899202924302e+00 -1.331452168856398277e+00 -7.849415310550654779e-01
-2.592173096097211693e-01 -9.063448919169355689e-01 -1.151811798061722070e-01
-2.110030495239904269e+00 -2.303215706681759123e+00 -4.643565726066987698e-01
-1.288354309971229128e+00 -6.480859703148205142e-01 8.800045023164584368e-01
1.089772969433404182e+00 1.665662378257211529e+00 6.016954017093085749e-01
-9.928698188848609218e-01 8.498641074440076437e-01 1.009424894391272032e+00
-2.840341038344793123e+00 1.388230291212023959e-01 -8.873296030562072279e-01
1.911077709993912688e+00 -6.947675854140028529e-01 -1.121547738732556615e-01
-9.812023532200945253e-01 9.773363448187042390e-01 1.086107719984738873e+00
-2.972544492721688414e+00 -3.616536287826883078e-01 -5.407269136519691211e-01
-2.390615581523225952e+00 -9.136722681605790042e-01 1.033894107380274985e+00
2.387836218600500882e+00 1.803725376340135744e+00 1.768112749983580534e-01
-2.125138199408036499e+00 -1.542513055404730826e+00 -8.325529019383053342e-01
7.087068606238063895e-01 5.499050779682250756e-01 5.106468568715809564e-01
2.108881938113441323e-01 -1.416357920496433831e+00 8.573870740417323111e-01
2.501219169712320944e+00 1.324033230500301750e+00 6.856971123707965576e-01
1.257536110880491664e+00 -1.242849085343284754e+00 1.166504106847378486e+00
-2.063657378408771947e+00 2.003588787284174444e+00 1.054939431085251123e-01
1.631970971535674497e+00 7.923532403058451967e-01 2.237530560279518133e-01
1.174682909569027656e+00 1.445344680672289828e+00 -1.138401196205578003e+00
1.003754469003806937e+00 -6.252493406760259616e-03 -1.823635008114915246e-01
-4.134071126381006628e-02 -1.438506383347001316e+00 -1.686541030084271753e-01
-5.968980850560419160e-01 -3.096392028338682323e+00 1.381057276429722980e-01
1.339770246195985726e+00 -1.926410903054848189e-01 1.048156993735027465e+00
1.173349427156091140e+00 7.579410281980030195e-01 -1.056034072182950201e+00
2.119223056664607530e+00 4.182427757335966390e-01 -2.526892900880659543e-01
6.881304538194872311e-01 5.641698472138226839e-01 3.874000371799982134e-01
2.466767437997328394e-01 -1.417629640780085909e+00 8.681123504754352238e-01
6.194041476134042323e-01 9.640423450038343445e-01 5.205001321531961267e-01
1.985104596221494433e-02 -1.235468795254036634e+00 -2.346297399760492453e-01
1.560097825966312968e+00 -7.951344465696005281e-01 8.844263978281102778e-01
-1.973706238634034715e+00 -2.365338770943819391e+00 -1.151124424922649880e-01
9.069039160235387032e-01 3.227744945595893977e-01 3.553442088152678480e-01
1.101665964905464090e+00 2.846079576587750015e-01 -7.246509942984159514e-01
-8.155393817705793857e-01 -2.953644362389887590e+00 1.188616724569637184e-01
-2.927833627536813310e+00 5.444351945164711548e-01 7.580779277844803543e-01
-8.933111407967326834e-01 1.582679189293412225e+00 1.163972134167294614e+00
-2.089088349499196529e+00 -1.889042146783419307e+00 -1.072027735298534679e-01
9.637103981065914260e-01 2.030100458404294483e-01 2.868406492173951050e-01
-1.217154179314134721e+00 -2.054917169548931000e+00 -9.275373248025763351e-01
1.002067597915153874e+00 8.874813446089450594e-03 -1.172433709117868816e-01
2.224193571011929826e+00 -1.696462003642793981e+00 -6.966772820926658838e-01
-1.969345268330602305e+00 1.077619590148862994e+00 -1.059661885241412138e+00
-9.927140961999352253e-01 -1.311718947083452047e+00 9.388898492150489217e-01
-5.895925254318549191e-01 6.695901309842899884e-01 -1.435154872173781682e-01
6.543528844682195977e-01 -3.042870278183471999e+00 -1.342974646628354862e-01
1.267124294685987529e+00 -3.232944363586329195e-01 -8.647675213795484872e-01
-2.820660442960434278e-01 -7.611148663039845053e-01 -2.659966986663997446e-02
1.426862975948784973e+00 1.883484833208306064e+00 1.180042481964585832e+00
-1.353848435648068227e+00 -6.857434540102628207e-01 9.040987715552355475e-01
1.304643435315725464e-01 1.975171435079986271e+00 6.914117555645467317e-02
-1.440973702243812382e-01 -8.457756025538930578e-01 -1.541959954549589340e-01
1.599744578277373375e+00 -9.612012281855585316e-01 6.223667139290598449e-01
-5.688043454607912830e-01 2.062742871858389559e+00 1.096906557886717204e+00
-2.174485295479286151e+00 1.158684536627764716e+00 -1.067670820100722562e+00
-1.113336012909484696e+00 7.184546883246963889e-01 1.049045062048193921e+00
-8.414894397483452249e-01 -1.248338653140127485e+00 -7.667892930467468116e-01
-1.776541794241329533e-02 -1.962975874306630786e+00 1.208964660697283033e+00
9.552137374818225890e-01 -3.067442984372637849e+00 3.021231226162992001e-01
2.428087430965061522e+00 -1.752423478985792871e+00 7.285721845094847993e-01
-1.362037711937176931e+00 2.088951305630494915e+00 -1.147084539427295047e+00
-7.765730716429454505e-02 1.590290215803414009e+00 1.215643644726788208e-01
8.153344001488398440e-01 6.637082367170966668e-01 -3.166921296957839194e-01
1.040963294183678611e+00 -4.747363068655442442e-01 -8.289838301795297015e-01
1.698252271502539879e+00 1.831003787502437863e+00 1.093499726215773515e+00
1.190827255593069012e+00 -1.024334095164072034e+00 1.172323765626170022e+00
-2.284689705037020069e+00 -1.177006223976807819e-01 -1.361877023743327253e-01
1.248672210224837098e+00 2.503009951870999839e+00 6.098098383316014059e-01
1.852896059331728962e+00 2.566201184209824238e+00 -3.683592292434814119e-01
-1.187957871413112043e+00 -2.234561192348445344e-02 4.453097489602644288e-01
2.968144611810107358e-01 1.121992251728821000e+00 -5.476847654913539198e-01
-1.227376752144658578e+00 1.934522348979049067e+00 -4.322115067722481219e-01
-1.075058720720960759e+00 1.856878501166188133e+00 -8.528098301371578316e-03
9.221300493196593617e-01 -1.734668321331911622e+00 -8.209373312672296752e-01
6.115492959612577328e-01 1.995109110869556668e+00 -5.373321014175918009e-01
4.407286591147565602e-01 -2.080385498805388256e+00 6.289902667324276386e-01
-3.480409991181740437e-01 8.615207474381250119e-01 -4.062604528358538247e-01
3.867521258757192215e-02 1.214225236940017050e+00 2.457066387326725110e-01
-2.808673310565186765e-01 -9.244976551702427381e-01 4.191554501022889401e-01
-1.167232082274963639e-01 1.776244216477694815e+00 6.345072681718119112e-01
7.255401130610170668e-01 3.091299474858088203e+00 -9.394132428813706248e-03
-1.552641142300740240e+00 -2.780531783370931986e+00 -3.094154007717581645e-01
8.589664081052674760e-01 5.518694073208780804e-01 -2.129150918508174173e-01
-2.454115776300476615e+00 1.041738167407031401e+00 -1.023870002810104429e+00
-5.992606382410663457e-01 -2.315735492494650050e+00 1.057075734470980244e+00
-1.206899848203542680e+00 -7.339211160432417280e-01 1.231490850070656173e-01
-1.009773875227403389e-01 2.281278340853932995e+00 -1.039793578639087723e+00
1.892361926624709811e+00 1.376840357606663234e+00 -3.384509971987000321e-01
1.256584254646059051e+00 -2.926411049331890446e+00 3.943740248197015741e-01
3.291980393986556619e-01 -2.343058725821425714e+00 -1.040276469348676569e+00
1.681094264285524886e+00 1.802864376811803560e+00 1.125453133207391154e+00
9.883714328361927759e-01 -1.837574545605425325e+00 -1.216300433683873639e+00
-1.373442144068168336e+00 1.753369737661176320e+00 -1.139434661100635182e+00
6.461584657848009616e-01 -2.973483538641540136e+00 -2.552480329672414117e-01
1.213020379403389803e+00 1.147884732560499943e+00 -1.199214425084780267e+00
-2.996395511669110778e+00 -6.807745006695952172e-01 -5.928231113155536525e-01
4.779681735828821831e-01 6.981776237811034846e-01 2.270464612538189431e-01
3.762295014609506882e-01 -1.716828671023971964e+00 1.154036004298823137e+00
2.678636895036483612e+00 1.311609675108428297e+00 1.889979594356169523e-01
-1.334229305667264942e+00 1.454066871140482942e+00 1.073516899650203582e+00
-1.159041844815483335e+00 -5.904762783596987363e-01 -6.534079290079348734e-01
-7.892467632315299797e-01 -3.118951635018691437e+00 -1.473475510013723122e-01
1.264955348141864055e+00 1.563723778567668976e+00 4.312100045692072170e-01
1.897337087866463490e+00 8.811273113665030188e-02 -2.122441540525615289e-01
2.184351648081813924e+00 1.482379269787115206e+00 -6.164654500993471675e-01
-1.129763803722503290e+00 -2.614058064231392642e+00 -6.181904467627885591e-01
-8.762233879136308579e-01 -2.496081532111012191e-01 5.684131933066102205e-01
-1.013714907937068865e+00 -1.562878034589030782e-02 7.663300191001836126e-01
1.644106995253623582e-01 -8.408435454682461341e-01 -3.447139800382463815e-01
4.750170782777037304e-01 -2.033063635900077770e+00 4.364416365810724896e-01
-1.097642136281668623e+00 -1.634306751928643608e-01 -8.757645216372778041e-01
-1.185638661585338260e+00 4.944829825079787300e-01 6.167778028218247055e-01
5.812931047031747456e-01 -9.828289013546505082e-01 5.137483719034724450e-01
-1.877770739612858453e+00 -2.620868065231098498e+00 -2.061688469335410945e-01
-1.443264109105146353e+00 2.227459981117204113e-01 3.373383765892437602e-01
6.287888990804744171e-01 2.446858025804123926e+00 9.181064977454223008e-01
1.015794665229883709e+00 -2.296192099867981617e-01 3.562456421351712921e-01
-4.851470494271420408e-01 6.188391784013879127e-01 -2.979896866622415152e-01
-2.440399126798524776e+00 7.335003616398471094e-01 9.076313936994027110e-01
-5.974459429561136403e-01 1.822801176954039315e+00 1.575406208554866461e-01
-7.433853985976824896e-01 -2.263713734768757480e+00 8.219535097715747751e-01
2.628325119948065947e+00 -7.724113433430722653e-01 -9.722776693507763079e-01
-1.551414208282419382e+00 1.094740259913571601e+00 1.057176745464063261e+00
2.818295293509819111e+00 1.155638260099629111e+00 -3.488955308031100877e-01
-2.673315231079502752e+00 1.538872041298103399e+00 3.336737150683174447e-01
-5.370018034134092094e-02 -1.340035761496390698e+00 7.533299275271431172e-01
-1.413864268533484125e+00 1.973604287485907438e+00 -6.184147430485480434e-01
5.087376688912819134e-01 1.948448292051397024e+00 -7.013714227456588346e-02
5.456912661614539140e-01 -1.940467585049924004e+00 -1.247534849500016474e+00
-4.489191368696921480e-01 6.346623872510596120e-01 -2.600988433083046281e-01
-1.287430060738910420e+00 -2.039692135092791681e+00 1.363264074990247487e-02
1.596356163051535271e+00 -2.306857361070852708e+00 5.184536793054248527e-01
-2.784887826410814782e+00 4.657789658095087826e-01 3.728586322327711589e-01
-7.969412135348405979e-01 -2.494486679977960808e+00 9.311091839365007172e-02
-9.435612417125103235e-01 1.024137935261479226e+00 1.085333104421497996e+00
-2.196103954252015544e+00 3.190483137593232987e-01 9.106203836293133569e-02
8.533022537292894727e-01 6.999797527872377856e-01 -4.571422770548428383e-01
1.325156594906147234e+00 2.033821207217164861e+00 1.109419982232043411e+00
7.940581860080827559e-01 1.791468335083665098e+00 3.758614732686916815e-01
-5.293376240911195074e-01 3.023051357328739197e+00 3.411537531786409394e-01
-8.652259003527151826e-01 -2.237859029681526835e+00 7.992600401824798695e-01
2.926542152738922375e+00 5.931133106722403792e-01 -6.331403568133058268e-01
-4.798293187767435630e-01 1.618869847146832575e+00 1.210355961787659584e+00
4.923502849868277575e-01 1.814344285191271222e+00 1.070874529527583441e+00
1.765567217355512308e-01 -1.808797588728881411e+00 -7.277753356553396946e-01
-5.880705201444815788e-01 -6.305971586203134027e-01 4.509894628194649480e-01
1.692565532625807556e+00 -2.519565155866966499e+00 -1.485291915260307793e-01
-1.951016637736138759e-01 1.904444440796092985e+00 -1.163954760647168296e+00
1.223617942133408132e+00 -1.435708672826536692e+00 1.062843437707417182e+00
-7.861508522117581776e-01 1.856814925707261921e+00 -2.848154546111220098e-02
2.586964311118015392e+00 -1.430046213903775953e+00 -2.966315376885014787e-01
1.833093437652992819e-01 -2.524859327984965152e+00 -8.817245746189350530e-01
-2.343435775170510826e+00 -2.159406933583032373e+00 -3.923458427016771610e-01
1.723870705120548630e+00 4.043579545393319319e-01 -5.964380587230717623e-01
2.052247798721109184e+00 7.176218893782136954e-01 -2.361052422740202994e-01
1.266337685437590510e+00 2.386620703179804237e-01 9.126718285274179054e-01
-2.813506581058329292e+00 -3.573593681205242123e-01 9.068366084557626383e-01
-2.645990881684931573e+00 8.507004137059700488e-01 -9.668258039604942233e-01
-2.087587760620922772e+00 -1.826969590543016775e+00 -7.467174990577722937e-01
5.052606039299727403e-01 1.080877658323943447e+00 4.348234580235101898e-01
-3.072352931433041667e-01 -1.830713167303822164e+00 -1.228777156588046537e+00
7.975504123019944158e-01 1.888226344617424335e+00 -4.353720338981223459e-01
-9.217384853297465319e-02 1.379649102483477829e+00 -7.905319298571079623e-01
-3.440790016562172982e-02 2.267671447009003138e+00 -9.923824242818051200e-01
1.018937106738077025e+00 7.546978851180266568e-02 -3.222377830762114259e-01
-6.544610854316465498e-02 1.962503810027019790e+00 -1.203541303008783148e+00
-6.044576014386150442e-01 1.066227338817971715e+00 -6.907444967243084877e-01
1.316378529597663993e+00 -1.471826321924924574e+00 -2.080043171403604674e-02
1.749830599395623354e+00 1.400539149003090733e+00 1.094423141256758436e+00
-1.229949549206519610e-01 -2.075190967168827783e+00 -1.177922621610066667e+00
7.076320929534295479e-01 -1.731187906375108998e+00 -7.342098674862143626e-02
-2.962706532429886241e+00 -6.289710315567004217e-01 -7.071453659124472546e-01
-1.354191896744613599e+00 -2.159999810974988499e+00 9.889673998221530926e-01
1.613553208582460430e+00 -2.133919282719214106e-01 -6.031258508900922966e-01
4.701579797854225085e-01 -7.081448239157478453e-01 -1.933764119140430338e-01
1.555567119521565012e+00 -1.095000479004204941e+00 -1.005126591795315050e-01
-2.186192183318044879e+00 3.277247223118727459e-02 -9.966691880841791473e-01
-1.118021827224086717e+00 4.685988848611792323e-01 -2.434943233734176704e-01
-9.753998117600520823e-01 6.758216896760678438e-02 -6.559058571664873050e-01
2.173997540537259354e+00 -2.234189445377421812e+00 2.357460191702451802e-01
-2.081640207937561493e-01 1.027924954919217093e+00 -4.819564717912047103e-01
-2.398022302452642585e+00 2.462795723413546967e-01 -9.937562482034399958e-01
-4.453560590857917889e-01 1.913838859749710686e+00 -1.156979413568886450e+00
-7.227576104835823356e-01 2.960896148133598693e+00 3.870786593670641484e-01
-2.145773718392817830e+00 -4.445421580484044122e-01 -7.272087542605584765e-02
2.302576832292748676e+00 -2.092143991389451063e+00 2.807958279543362745e-01
4.931475855213376391e-01 1.701460465042899273e+00 1.132603699289552734e-01
9.006802159419268206e-01 4.337931685779844448e-01 7.473013980811010759e-01
-9.549329948315586902e-01 -3.059929796928804735e-01 4.051608965372525129e-01
2.671665382287640167e+00 1.201800589529603780e+00 -8.195216468169898016e-01
2.861126912656887789e-01 7.554513021652138338e-01 3.704842872936142117e-01
-1.872137782462583333e+00 1.291686887051448407e+00 -2.671117063089433197e-01
-1.380967518644323100e+00 1.968279680419878996e+00 -5.865809161494921486e-01
1.528766868510569754e+00 -2.314155721272137811e-01 9.272819456711548503e-01
-1.350054454737117604e+00 2.875357775998992338e+00 2.959682234898018405e-01
9.469752866071182718e-01 6.214919747578162568e-01 7.532798612111113457e-01
-9.780736666714894278e-01 -8.145266787762692196e-02 6.190579514895773183e-01
-2.791039205379845622e+00 9.509596274053692122e-01 3.595114914829377062e-01
9.998910809506728059e-01 2.141089916309101948e+00 -2.140429113334146316e-01
-2.539639114138721343e+00 1.910603684332250696e+00 4.055286567247680662e-01
1.241358240087360176e+00 -7.671090583390978435e-02 9.951857382614022196e-01
2.582272868897074414e+00 -8.169403863463934323e-01 -1.008507675423083505e+00
2.681144259736436997e+00 -1.486355747894894108e+00 5.567950021226989454e-01
1.990828793904843907e+00 -3.276496596629523972e-01 -4.381458045731541351e-02
-9.309210625278123707e-01 -1.583222428911354729e-01 6.434470282882013281e-01
-1.468498318030547062e-02 -2.053007777604432427e+00 1.578864075041432891e-01
-2.561816574663763557e+00 4.030965772616024734e-01 -9.830580800755862603e-01
-1.027774958963121099e+00 -9.144470520243644929e-01 -7.619384073385935263e-01
1.232502803698078298e+00 3.453912693204401196e-01 -1.003076752197169741e+00
7.453654774244835579e-01 -1.901502865037535406e+00 3.226188570866103111e-01
6.294462407157704054e-02 -2.142845716115178156e+00 1.237901391090876935e+00
1.778827439371254870e+00 1.942985800446708877e+00 9.201680135791497905e-01
2.104856043802194154e+00 1.120501756241713220e+00 -4.355394986623645770e-01
1.538892363712039080e+00 2.753321875708494737e+00 -4.692481676399197221e-01
1.510520761272585721e+00 1.733450141395010302e+00 1.212620017628858404e+00
1.794633281806693681e+00 5.954121392161572102e-01 -3.421868583147381626e-01
7.061015934483552137e-01 7.059112340555063758e-01 6.624602710545810513e-01
-2.231730058357214830e+00 6.822814677389175131e-01 -1.029152868938691068e+00
-2.669781509407893161e+00 1.502986319077430077e-01 -3.872804921164238467e-01
-2.315476591309454157e+00 -1.321264192761560485e+00 6.466659130187937254e-01
1.578263826863360864e-01 -1.929644172990089279e+00 1.218217318221820111e+00
-5.676300127491403780e-01 -1.785791218843925110e+00 1.095582084999903394e+00
2.229687317244044120e+00 -1.474104553559489605e-01 4.225986623543541154e-01
-8.138808383727778040e-01 -1.742943605757868886e+00 1.092384974802484532e+00
7.066110489301282716e-01 -1.784849022496788562e+00 -8.982734131940579569e-01
-1.547010120579310311e+00 -3.781084435374094666e-01 9.471765672845920969e-01
-1.704461468054215390e+00 -1.390175603162036255e+00 2.092112372453368008e-01
1.770731363716164131e+00 1.154710860529243543e+00 5.896929508902295503e-01
2.118364674346629783e+00 -4.102721091940881859e-01 2.499745385432240730e-01
9.780793532522507050e-01 -9.920646547027495155e-01 9.722971800152828692e-01
7.537378849269944503e-01 5.090393959966630355e-01 4.091270428703714379e-01
-1.566745385339017416e+00 2.577244435654009624e+00 1.476699152311500285e-02
2.436544938749440448e+00 -9.637933365530528818e-01 7.298066925348277723e-01
2.965326537910570437e+00 -5.199914461077493888e-01 2.759052795092183374e-01
-2.315126005123143482e+00 -1.413348602910796226e+00 -1.556075441822052374e-01
3.930173641723835876e-01 2.030923666597495014e+00 -3.039754092452809017e-02
2.682162732103179792e+00 -6.489826831941175600e-01 9.031800684053936656e-01
-1.815529060293132213e+00 2.337851181196030748e+00 5.912196728734714357e-02
1.256217838157397626e+00 -1.657913094374772855e+00 6.032227451251732236e-02
-2.388359342457470724e+00 -1.159487200492513637e+00 1.036820404672530005e+00
-1.291153812942733348e+00 8.592644842820703621e-01 -9.052241940864725889e-01
1.912860131865091073e+00 8.734964297821773416e-01 3.923777327782879132e-01
-2.526849861747534121e+00 8.887938582304918400e-01 8.602514708116301145e-01
6.663823308855879590e-01 3.154222979324835752e+00 -1.576204353379754286e-01
-3.010370666769222936e+00 3.449137763345214158e-01 6.085648090686677225e-01
-1.172553270674833392e+00 -6.224367783353007555e-01 8.350536700611426166e-01
1.550561230466115104e-01 -7.561394352236008309e-01 -2.246983636253345740e-01
-3.853886538643663262e-01 -1.132136272291655033e+00 -1.007321680660858143e-01
-1.090005212724681316e+00 4.318818027242769531e-01 7.630374164030103712e-01
-1.339530082357806851e-01 1.693329628992401581e+00 1.045893117434062880e+00
-8.693552174632889207e-01 -1.555028137953688550e+00 -1.420223840537575277e-02
1.772733064992241259e+00 1.461399321346266156e+00 -2.801235940078404263e-01
-2.322865927954562260e+00 1.471196744909421650e+00 -8.291543738133966279e-01
2.709868652713065096e+00 5.790081504128312684e-01 -9.189102150078570785e-01
1.774270394959004404e+00 -2.171322037396825166e+00 5.597098570630469894e-01
-2.214105101275015475e+00 2.304309556129260361e+00 3.627160685651338312e-01
-1.901375526717937303e+00 -1.976227505353017389e+00 -6.558569797238072985e-02
-1.581045182715756781e-02 -2.646611277466086154e+00 -7.660303522310935032e-01
2.820156551026931080e+00 -1.118461933133382047e+00 5.832447042911801383e-01
5.730247524716080010e-01 -2.747190749285071121e+00 -5.929733080694459257e-01
2.592921663229105000e+00 -1.592419370070812912e+00 6.836033649677186741e-01
1.700649173744513076e+00 3.397489989208168359e-01 -6.496941587542686136e-01
-1.362626573801759111e+00 1.919136074140997961e+00 9.408725406679975256e-01
-1.287965882932599282e+00 -1.184662312599667366e+00 -1.107862338598944785e+00
-6.125677121037980122e-01 7.104585053690802843e-01 -5.158154052310151005e-01
4.507351872740065768e-01 1.240423040041932934e+00 -7.599391255434880810e-01
-2.272952382034702179e+00 -1.521643729089389607e+00 8.290043659027594991e-01
-1.650191044066896762e+00 1.445229627515140836e+00 2.050729768842373540e-02
1.142972833059839433e+00 2.341187981299561294e+00 -3.512351212872510398e-01
7.343535811076835618e-01 5.297959776193287285e-01 5.238156667242970244e-01
1.963738640751839515e-01 8.204493563157079228e-01 -3.298558158201181367e-02
5.516625619786352797e-01 8.825279690834753055e-01 5.442637354887055468e-01
-2.009633044761522491e+00 5.889824681028510422e-01 -6.535514725287008830e-02
-1.579028013410772313e-01 -3.242827671328697647e+00 7.086537294590344871e-02
-2.677017323285743045e-01 -1.634832776804078236e+00 -1.076010666184660014e+00
-1.477708009942701128e+00 -2.477126661316662037e+00 -6.141842437548568068e-01
2.087809625089355858e+00 4.028048257131843224e-01 3.224752146535297959e-01
-1.810423172887915433e+00 -1.688594626846976920e+00 5.578156556549469514e-01
-6.920431505782477233e-01 1.556627691081527765e+00 -9.871157200898635908e-01
-1.023973305565182290e+00 -1.092655382085881310e+00 -1.133164550863161590e+00
-1.678155428199727295e+00 -2.004649828492131469e+00 1.043507095704560905e+00
1.588273758528899071e+00 1.674871941637972261e+00 -2.566756224863873670e-01
1.490051014612333580e+00 7.663027389077957663e-01 3.761007251208356994e-01
6.986437915067501836e-02 -1.493001040812052649e+00 -1.745855775595483994e-01
-8.757174495529737035e-01 2.606620687474069387e-01 -6.121719462856376470e-01
-1.679120517268922974e+00 1.639439100506636660e+00 -1.126634447175602238e+00
-1.805256274017246643e+00 1.849150378237053749e+00 -1.105057116938386041e+00
1.949750372128182363e+00 3.152122517734618490e-01 4.123264424998364375e-02
-1.777853617210202852e+00 -1.769226953834477145e+00 -8.694904540288116435e-01
-9.701278136836557486e-01 -2.809358712090392451e+00 -4.922058666258017912e-01
-2.129467992391047559e+00 -2.341883787112324367e+00 -1.937627819171661159e-01
2.616632236648473331e+00 -1.126665535004520269e+00 8.382720246113946061e-01
-9.769099978833990505e-01 1.311405983141513465e+00 1.162109564527652905e+00
1.377790810282189193e+00 2.878594064536606378e+00 -2.461199101252125598e-01
-1.404664810265329633e+00 -2.917760256465454116e+00 -1.676727462070294328e-01
-2.496695448520317662e+00 -7.370339474019477199e-01 -2.125632265958010136e-01
1.231222044924902503e+00 -5.282326214280012033e-01 1.039360498651501263e+00
6.844934583817076090e-01 -8.108929565184810340e-01 -6.160025599533925922e-01
-7.736129295746513312e-01 -2.222668184483973963e+00 1.197470836734809474e+00
2.068274575170907070e+00 -2.243020263969663919e+00 -4.581757305778905165e-02
1.232538590957177327e+00 -6.152422866188200778e-01 1.066060610739636205e+00
-1.477124943638227217e+00 -1.786442795868569133e+00 1.147537538869689566e+00
1.685031666819356566e+00 -1.109589430575922631e+00 -1.005065001804601177e-01
-2.850815685650164300e-01 3.227434868290433023e+00 -1.121303471780786820e-01
-1.256976618697031478e+00 -2.939401166024065315e+00 -2.508155451889836351e-01
1.267793426042414628e+00 -8.746247102568150966e-01 -4.601333043720959859e-01
8.847496736504424641e-02 3.173793189369666035e+00 -2.453711502868940464e-01
