8.059972890747149621e-02 -8.670951209180433050e-01 1.549693633479793942e-01
9.100698680287409026e-01 -4.248124616710543533e-01 1.239779188378480890e-01
-5.148936704651242424e-01 1.481654297790398367e+00 1.086653831669235792e+00
-7.699462251596617124e-01 -1.052861492020412015e+00 1.160878170303303314e-02
2.564357990300281553e+00 -5.694303192695059357e-01 -1.070248546567182268e+00
1.075957393503132575e+00 2.936130635229184271e+00 -4.286502732592941678e-01
-4.099110398685960610e-01 1.087859927642033320e+00 -6.187173206620247834e-01
9.378820156634178895e-01 -3.670119061664904314e-01 1.291239033956637916e-01
-1.262292021208229142e+00 -1.527702606269484065e+00 -1.080008388614440040e+00
-1.019549278599216846e+00 5.570270212475174343e-02 7.112102124262470459e-01
-3.908066144766363381e-01 -2.310373114456069299e+00 1.099931347116537728e+00
-2.257656515565298783e+00 -9.384738093991744634e-01 1.047352314705497722e+00
-1.389742644861186927e+00 -1.748732326072608645e+00 -3.792234553181214607e-03
-6.071427294010699471e-01 -2.330251542224509809e+00 7.722447421154796099e-02
-2.692869903911784935e+00 -5.992899615644552425e-01 -3.103152110452532808e-01
6.153248313979863271e-01 -1.916463589314151061e+00 6.628393737561943597e-03
1.254803917521749801e+00 4.564452276349740267e-01 -1.047956034211971144e+00
-2.368429290884481286e+00 1.253876932562994484e-02 9.815424089750502956e-01
1.669990388582005825e-01 7.686852224019439239e-01 1.122669166827445775e-01
2.532710144563926846e+00 -2.216926149280843694e-01 -9.729913885698004972e-01
1.172802644504249980e-01 8.027805983591065342e-01 -8.179792562744370166e-03
2.487771251102112391e+00 -1.644701522092727908e+00 -2.025512301764496315e-01
-1.644628210759043752e-01 2.122725110324124920e+00 -3.485927637464041884e-01
-2.262679115984684852e+00 -2.019187046530203311e+00 -5.787724683706609863e-01
-2.095000601347772662e+00 -1.620688955395782171e+00 1.067986332989092624e+00
2.864168560281094233e+00 -1.009600245779916694e+00 3.918591516406522146e-01
-6.302471745328391828e-01 5.151350519498546499e-01 -3.815892386375329681e-01
-1.945021343492587818e+00 -6.617280308812199460e-03 -2.761110843957942027e-02
-1.749158912705058855e+00 2.247713998217827913e-01 -9.831215469274325880e-01
-6.091608265136594369e-01 -2.315173102299331376e+00 1.026859002594492809e+00
2.232547400603428933e+00 1.852734727381712743e+00 4.441009534021424510e-01
-7.352257693793227966e-02 -2.367467404640864803e+00 -1.000833098058211634e+00
1.382656194001466554e+00 1.078712239440423826e+00 2.393340009980078342e-01
-8.527028590187060164e-01 -1.131113757707391088e+00 -9.258543139669448419e-01
-1.695303387683433138e+00 8.800420486009569165e-01 7.626860127475544593e-02
2.898424485749955259e+00 -3.966946253414403434e-01 -5.835401268366064986e-01
2.721392355967030774e+00 9.865299835885311674e-01 -8.552716472009050941e-01
1.068227213812997567e+00 1.802707206661340877e-01 8.316696107904716362e-01
-6.402724216920493427e-01 -2.663012666081942204e+00 1.317791382839073044e-01
-2.456005051026129704e-01 -1.775952823709403328e+00 -5.315468094481626271e-02
-2.494895837054537324e+00 -9.193793775971710325e-01 -8.641003938301363707e-01
1.040671464750287267e+00 2.041074644788830328e-01 -4.741978400812156824e-01
1.137158961792665846e+00 -2.145920395444151918e+00 2.653798501387047981e-01
1.677646645865670250e+00 9.844223239624573241e-01 -2.686813423057652361e-01
-1.088071026874047886e+00 -2.281687972651682550e+00 -8.493617229827502557e-01
2.834843625665834477e+00 6.528878357594347648e-02 -9.230208826076072848e-01
1.043964140530821011e-01 -2.365774009153937207e+00 1.291381553911043756e-01
-1.193512595752141553e-01 -1.619927916803776569e+00 9.876030226803655943e-01
4.620062521086500951e-01 1.804296670953412729e+00 9.244603856261198738e-01
5.171564734627259741e-01 -9.798016825607562819e-01 -4.887431788451534476e-01
1.583582186379429713e+00 -1.084951469725806694e+00 4.609864233960666580e-01
-1.716051175908964277e+00 -6.861538095952904870e-01 9.889456152391845611e-01
5.823744537933169818e-01 -1.948435442732104228e+00 1.900539267534289145e-01
-2.445842543626038701e+00 7.392909740071930136e-01 9.055450896274148676e-01
-1.840101121332500922e+00 1.063300340137201649e+00 2.568663726837083425e-02
2.030158463758362064e+00 -2.238569989011161443e+00 6.369552493250776326e-01
-1.097516944028594343e+00 -1.529218562213554122e+00 -1.170154116696173197e-03
-2.627301870969346864e-01 1.743568821223733023e+00 5.967349688649932204e-01
1.783745876079090742e+00 -1.864726216562822225e+00 -1.002035001407025838e+00
-2.392596161310530878e+00 -1.338242763848982442e+00 1.006302264897693588e+00
-5.572693974265918726e-01 -1.151155154422701443e+00 -5.158874101953248026e-02
5.643892430162423812e-01 1.738688022313046755e+00 8.892956332252435758e-02
2.860181709311226950e+00 5.471812874901262891e-01 5.984368949325136189e-01
2.490548321085113592e+00 -3.805563587548117799e-02 -8.668397077545291207e-01
-1.351175264500903861e+00 2.845731702321922629e+00 3.336639032338772903e-01
-2.330200479481316922e+00 7.885888902334590167e-01 -1.032708929144887211e+00
8.575624644345959391e-01 -1.886623787343567615e+00 -1.233685217984533455e+00
-1.568194415415156140e+00 1.726444113466173214e+00 -1.138673536294818378e+00
-5.343046987090848132e-01 -1.271522542316006366e+00 -6.553551339682717192e-02
4.831166607453990340e-03 1.031949433853033504e+00 -4.170141073682411270e-01
-7.839595399903376283e-01 8.734444586452082548e-01 -6.545427028310873974e-02
6.808289600509691564e-01 1.910196958132588163e+00 1.238828640985726093e+00
2.557670378187298699e+00 1.010495840952301716e+00 9.165675000038689957e-01
-1.504564712687893824e+00 -1.078685480704106192e+00 -1.067179638896058158e+00
7.296859784424535311e-01 -6.203802385786660878e-01 1.919641582109826716e-02
9.575469795685227492e-01 -7.177361861087868666e-01 6.866579302544235652e-01
-1.879382727611382142e+00 5.713566377496948068e-01 -1.004081979418668391e+00
-1.021776637522864517e+00 -2.172134183609518487e+00 7.210141054669270133e-01
-2.054696019809211016e+00 -1.610527430434063767e+00 6.843545080508238732e-01
2.614037690837042738e-01 3.227303136607212242e+00 -1.181402567546480098e-01
-1.119224633880435693e+00 -7.137697394936204365e-01 -6.944772252638197196e-01
1.197830649795921243e+00 7.466435627982687118e-01 -1.077120972887113615e+00
1.024519309516101151e+00 2.234825883698324134e+00 -2.652053033473915078e-01
-1.969814312260948386e+00 1.131838764518775964e+00 5.681481304278315769e-02
2.515610279567534580e+00 5.182225325330467314e-01 1.058620798088411030e+00
1.346616991515700912e+00 4.034324145384793336e-01 -1.091233689055030043e+00
1.678266148684141035e+00 -1.830532072743126015e+00 -1.105680026899513502e+00
-3.487288720463112002e-01 1.966910210576231499e+00 5.563231824070402273e-03
1.255547562299536235e+00 -5.752764816683456628e-01 -6.961315721083384256e-01
-9.063357228878355931e-01 -2.737337706363747736e-01 6.685224922756326515e-01
-2.226271755452064127e+00 -6.896631453825312619e-01 -9.570332596743676978e-01
5.773366843900819001e-01 -2.024965093533805494e+00 6.401669720449254530e-01
2.713539945582739588e+00 -5.067673709265810844e-01 -9.746637584282180633e-01
1.045490234131132734e+00 1.518195720001827453e+00 -1.211909051134251181e+00
-1.815367033232392124e+00 1.446793196855697516e+00 9.469871153582108958e-01
-2.565018098452546358e+00 1.134864179162190512e+00 -7.633561673292782457e-01
-7.402340997857893568e-01 -4.179683038181358778e-01 4.451887255900180418e-01
-2.986946532875188964e+00 1.470317401432616293e-02 7.630707101963603023e-01
1.191886759717294186e+00 -5.017104731547479268e-01 9.793042177552180316e-01
5.693224863474082298e-01 2.836765109267506357e+00 -3.448263748805582285e-01
2.827529807197694200e+00 -1.110505314041047464e+00 5.407827224525016963e-01
2.750340773852788523e+00 3.713647166267853295e-01 9.680182514138605532e-01
5.596958350976504182e-01 -1.243922709967153484e+00 8.286822693733590928e-01
-1.628649988570689544e+00 1.819285852907638334e+00 -1.143812254936473316e+00
-1.010718371754330436e+00 8.341755533057169103e-01 8.553066419439080414e-01
2.790273492032409042e+00 -3.310419857595368609e-01 -9.217211935480553731e-01
-2.038405119452736114e-01 -1.747489333538062573e+00 1.072023432237566354e+00
1.129134899653196467e+00 -3.307175591570031825e-01 8.089788118013510054e-01
1.006037711036185778e+00 -6.526753704223468011e-01 7.174641624146874674e-01
-1.205868183412834860e+00 -1.497448885160948429e+00 1.050200670558229188e+00
2.095460676661281774e+00 -3.057136911538370083e-01 -2.821362114756632566e-01
-2.295289543223340972e-02 -1.270257199336433773e+00 6.848475155007333059e-01
1.298572228205979062e+00 2.640907678624430766e+00 -4.871315567929004331e-01
-1.090260325415666420e+00 7.482693921325923592e-01 7.318940512659404263e-01
-1.889149878636898539e+00 -1.403608119643839247e+00 3.597545544114197913e-01
7.993372777755154424e-01 -2.489333857214679924e+00 -8.333086841369655717e-01
-6.856019848778611980e-02 -2.931667113690052950e+00 -4.658827767943285458e-01
-1.289639683082907995e+00 1.510953076459057298e+00 1.075745740205396039e+00
-2.005715172881844754e+00 4.673940912757986177e-01 2.165761274522631785e-02
2.527616323387483988e+00 4.875781774521301681e-01 1.054699486383001927e+00
-2.389486730588509522e-01 2.289495165835352175e+00 1.034292655626049218e+00
1.403185496329749871e+00 -2.563129768638377493e-01 -8.149778527290715280e-01
2.112518081643858014e+00 2.239362096707285588e+00 -6.168248352589131844e-01
-9.764635532666140483e-01 -2.058435796460834855e+00 2.710295658705461075e-02
3.170880096431638040e-01 -7.375571175829443993e-01 -3.572522293014094852e-01
-2.948758584017047824e+00 -2.939108765517430832e-01 7.388019315948152199e-01
-5.874899401610538252e-01 -1.784104682737388980e+00 -1.192986440058972253e+00
1.096612440597705573e+00 1.664958836150559396e+00 2.224820037845536003e-01
-4.808288203185215326e-02 -1.337888526858452387e+00 -1.913097812588398505e-01
-4.363021988074085034e-01 -1.630578155572949273e+00 -1.208483043340599750e+00
8.039966513367433620e-01 -1.187134154136442854e+00 -3.853048102306111389e-01
-3.019817773482021406e-01 7.144382924016822178e-01 -1.953321155800130660e-01
-2.037403897199696612e+00 7.634300928959113497e-01 9.844393744898809473e-01
8.639136115844705532e-01 -1.742433223658798713e+00 -3.394730533362863567e-02
2.952246937159661133e+00 5.229898196885882644e-01 -5.086066171291758753e-01
-8.052266378558947668e-01 -1.271316312128770942e+00 -7.997201791032058082e-01
1.278781500992516751e+00 1.434665685355717368e+00 -9.004385664449219284e-01
-2.539889575416579337e+00 4.915565544675287724e-02 -2.883949883042215556e-01
7.165514046559048333e-01 1.089369163384867223e+00 -7.810369790376729959e-01
2.029604548025872646e+00 7.185146769886627816e-01 4.864398454726247545e-01
-1.579763858422548184e+00 -9.681728402260633137e-01 9.953506509335346975e-01
-1.032390498680999746e+00 7.424479207679198778e-01 -1.312451129525619986e-01
7.998711918219160166e-01 5.436267667584625540e-01 -4.164929186110777337e-03
-8.492311384469403146e-01 -6.518705990316310261e-01 1.756922557037010613e-01
-1.102032866454876414e+00 4.642240917361991070e-01 7.422793752079335228e-01
1.713502053851274409e+00 2.474694421217514595e+00 2.040237641772733590e-01
-1.036673008390261552e+00 7.783735248251936190e-01 8.263850713667673098e-01
-2.808050040031502270e-01 -2.237837872714432574e+00 1.214410354072698706e+00
2.697415978514567936e+00 -6.962936556558710910e-01 9.017888568609943034e-01
1.140170150107489011e+00 -1.457305176833621763e-01 8.349371649809107510e-01
6.280460642101486357e-01 -7.615547043341550637e-01 1.739683505679973652e-01
2.969393808753604258e+00 4.694382229093237990e-01 -3.478702963317316099e-01
1.131194305815859780e+00 4.765612174668110712e-01 -8.619093741868966152e-01
-2.887449460079061780e-01 -1.186150503114492549e+00 6.524216111480768410e-01
3.140585598927104760e-01 1.819680463807077153e+00 1.140889785808637980e+00
6.897467260786316334e-01 5.645323833314312978e-01 5.065544115584086349e-01
1.200549855050025094e+00 2.020837790196313044e+00 1.162403670147961865e+00
1.132577482540841007e+00 -2.839271595040907537e-01 -9.045713494359491902e-01
6.074220011612675441e-01 1.797617081542881134e+00 8.293699671810400575e-01
5.842229311787645596e-01 -2.014808215530870861e+00 1.125079476109198229e+00
-1.668398693065705762e+00 1.640457825065868347e+00 2.723611489128678620e-02
8.277183501064624416e-01 -1.495400377424853211e+00 1.195465054732306243e+00
7.624736279751986867e-01 1.418989360122021814e+00 -1.118770543889598068e+00
2.781427139128678672e+00 1.011170101957137746e+00 3.043111611330222566e-01
-2.475789598358147714e+00 -1.154163003634554485e+00 1.007352195113604854e+00
7.650805889208477373e-01 7.487948101292074554e-01 -3.689964264960977069e-01
-1.185674979008045637e+00 -1.410368779399751471e+00 -1.992971222497642025e-01
1.417415534048389825e+00 -5.699052860529725539e-02 9.724785858788403958e-01
-1.498314200185723033e+00 -6.669300999505513028e-01 9.426970768698892389e-01
1.252843804398342975e+00 -1.587091438438080759e+00 -6.669169306139668407e-01
-7.507480577678243838e-01 7.462079296861032773e-01 -1.168008484272507475e-01
2.261796404147388362e+00 4.491929207370957272e-02 5.179041243852050558e-01
-9.531216657731348407e-01 1.496126813215612472e-01 -5.706703537851032237e-01
4.606499390650800607e-02 8.655665342194447387e-01 2.757930092535306743e-01
-5.938188097647369851e-02 -2.185828105170384283e+00 5.640731126444256116e-01
-2.143184281573564665e+00 -1.626290159232331112e+00 -8.006685651404129578e-01
-1.250105562524796543e+00 -1.859193652868440738e+00 5.631148926052945147e-03
-2.988599945158066262e+00 -5.665590948207459981e-02 7.467807574730314091e-01
-1.296825169393001076e+00 1.258745799900772011e-02 3.847075259812623438e-01
-1.214989526612715975e+00 -4.221017982970797222e-01 2.396811060546180372e-01
-3.688306504718202317e-01 1.748305220742944588e+00 1.228141092652236477e+00
-2.712647112341023958e-01 1.802511909373516241e+00 4.443666401349999351e-02
-1.456245850615332849e+00 1.657236850783475601e-01 3.187424907136116592e-01
-2.838924545783733322e+00 4.270665887925327864e-01 8.292950582714699870e-01
-2.513972488661939120e-01 1.701659679351951393e+00 -1.040447893610183971e+00
-2.393870538481582599e+00 7.681531339494737098e-01 9.139396857835946353e-01
2.862826724148803681e+00 3.225264738821981281e-02 8.671568006286247687e-01
-1.005158188018849819e+00 -9.253192870040987117e-01 8.141651780689741491e-01
9.744939646357614338e-03 -1.916251855626823097e+00 -2.558558555241544630e-01
-1.570866023122736044e+00 2.735184751943152026e+00 3.561808920142206514e-01
1.647332893849020596e-01 -7.877697694883006863e-01 -3.147987884854553386e-01
-7.715441559114452619e-02 2.275502930445254535e+00 -1.067737556665255161e+00
-5.660262736871044531e-01 -8.138936251809806288e-01 5.319597157967763668e-01
3.670503716083433066e-01 7.195429159610854386e-01 3.429740098612648058e-01
1.176287555381224426e+00 -1.033734191903026955e+00 -3.895962994667134249e-01
-9.696183451649577067e-01 2.588777913166649736e+00 6.777876703799569080e-01
2.245372457672337507e+00 1.369417101795427527e+00 1.031633656880513783e+00
7.421031913886790843e-01 5.214449456757078716e-01 5.093861355610534991e-01
-1.435148540758819369e+00 -2.124940898603977946e+00 1.058036663238236086e+00
-3.289758242303699731e-01 6.906588849090495863e-01 -1.805400209504305353e-01
2.100810092600398526e+00 -2.135980321564705520e+00 -1.971791585809624936e-01
-2.834949270754761663e+00 -8.106818228015147954e-01 -3.893370846964744336e-01
-1.000649597127998280e+00 2.940012509066717517e+00 3.482053468945360830e-01
2.171462965405665801e-01 -1.820504175540013314e+00 -6.835531125327820590e-01
-1.603555642386768065e+00 -1.633324309990510592e+00 -9.617167139735440795e-01
2.240284171577477945e+00 1.647063709674564169e+00 7.382600555344998039e-01
-2.539169658441290611e+00 -7.676209032746021954e-01 -8.772451471232863840e-01
-1.430237665770072386e+00 -6.746691090239002042e-01 -3.505466584510786854e-01
1.680449376707082720e+00 1.507563580297823558e+00 1.158419162521056256e+00
1.521857266021410693e+00 7.302387180520307775e-01 -9.850317064622815533e-01
9.903935780586562432e-01 -1.251303698323405489e-01 -5.413482868677835236e-03
1.558117954980733799e+00 2.762035716484422920e+00 -4.367658078975542035e-01
2.072587815492095586e+00 1.414810756456792218e+00 1.136909967672861121e+00
-3.214422394349349954e-01 1.671150475838070637e+00 7.349739698195389970e-01
-3.899088135999487226e-01 8.475511269275524118e-01 -4.250872492351749354e-01
-6.628043724545052973e-01 1.350065341321445844e+00 9.983041384258370954e-01
1.524896053804970508e+00 -2.797630861379022171e+00 2.950287036388110073e-01
-1.662499810129657973e+00 -4.013022847957576356e-01 -1.927895010881008897e-01
-1.053387418046436430e+00 2.639720148674245870e+00 -8.017143095261902719e-02
6.852220413657355014e-01 3.035504634197528251e+00 1.309511975202486966e-01
1.620876715141951641e+00 -9.673275550771203157e-01 -1.246590424841477474e-01
-1.087387829803536210e+00 -2.000030758532049188e-02 -5.571825091697294452e-01
-2.631769125026026668e+00 -1.602475452867508254e+00 -5.872262288524873197e-01
8.253793020161914740e-01 -1.654449195163857578e+00 1.240479233935757319e+00
-1.984043379226382298e+00 -7.271403715009938651e-01 1.024695222961742092e+00
-2.815290150697475013e+00 -3.134823208068146516e-01 9.054476903860898540e-01
-1.083094294923865775e+00 4.900312852132088226e-01 9.431133530449660185e-01
-1.117379082240814059e+00 -2.605977922387128221e-01 8.182360118253331205e-01
-2.874019777001266540e+00 4.935128086210455178e-01 -6.990329964754566916e-01
3.582764981470920040e-01 2.146567566374622427e+00 -1.031801456344437540e+00
-1.831651307132988737e+00 2.193786009436390350e-01 -9.913585082402324167e-01
7.506685159864923129e-01 -9.279939258360286880e-01 6.189003119781951723e-01
-7.066601384499943128e-01 2.132787617723136186e+00 -4.875573086874379625e-01
2.083289833094452259e+00 -2.049529755765779448e+00 6.618293262862172677e-01
-9.586290216304178546e-01 -2.318568689356794443e-01 4.708475034426216066e-01
-8.052134851300088991e-01 2.960211241108664737e+00 3.722016953924536242e-01
-2.027018240439189434e+00 1.769209422660659392e+00 -9.085944359023285788e-01
-3.575250944863305747e-01 -3.031247753317519500e+00 1.992991788865634550e-01
1.510921832239381146e+00 -2.734063877422139743e+00 4.978112692677577056e-01
4.105540992474317474e-01 7.982389479047828917e-01 -3.400250247513608715e-02
9.583567373627565056e-01 9.901956414319165178e-01 4.974819159775464295e-01
9.073223602702323864e-01 -3.889299908541388184e-01 -7.059944583691628583e-01
-2.968297437051975463e-02 1.855791567084322802e+00 4.331934852176670958e-01
-8.795233363525297721e-01 -1.117390031637126802e+00 -8.716913160276078543e-01
1.684311769163009398e-01 2.215090899142191372e+00 -9.625719740828819759e-01
9.654477417795387373e-01 2.015298973382132486e-01 3.558005635103736464e-01
2.550314520910367810e-01 -2.577038602849163862e+00 -8.295383726779610445e-01
-4.249664941239719718e-01 1.599117175312413597e+00 -9.788759193628646660e-01
2.006197513088812112e+00 2.330098632323527319e+00 -1.272565852291124289e-02
-1.447635161703877626e+00 -1.713757326648441603e+00 -7.636565392957025966e-03
1.835823560059577142e+00 2.131917595847383051e+00 -5.778615653035952260e-01
1.076029768733832492e+00 5.497554818015286671e-01 7.860871299593947814e-01
-6.723784921310438367e-02 2.039780039156212865e+00 -1.230627012036799695e+00
-8.656242103645427344e-01 -2.691498886898145426e-01 5.415702409127919337e-01
-1.333020840680068320e+00 -1.905555480920390954e+00 4.630094679547264724e-01
-5.919594141638812035e-01 1.071782192203916573e+00 3.087593756028933489e-02
1.391081769360030251e-01 7.961251156561105491e-01 1.641753027153136646e-02
5.560925245977949016e-01 9.988921807162862709e-01 -5.158153483935374872e-01
-1.631146597425026767e+00 -2.034979022031403684e+00 9.724029262082648506e-01
-5.039575535255956806e-01 2.281875848371644366e+00 -8.243903786980983917e-01
2.144539486850168597e+00 1.964183552202558580e+00 -6.776232642168535936e-01
-2.267181710629746050e+00 1.401491879431132626e+00 -6.729903732265167804e-01
8.322410955639696073e-02 1.340316169014483805e+00 -7.590671359812188879e-01
1.560125067862588866e+00 -7.429900793855235275e-01 -3.271912304412845085e-01
-1.410786826501346791e+00 1.700217002745313621e+00 9.987241479064826732e-01
-1.029983680651469946e+00 9.622239483309139030e-02 7.344551923572898433e-01
3.388118634483080482e-01 7.267788019295903235e-01 3.004979504093923115e-01
6.433115210156735708e-01 -2.091079762480507309e+00 -1.208183170746314872e+00
-8.283575936467579837e-01 3.340619841533145618e-01 -5.799967027695773769e-01
1.450688914383058137e+00 -1.415126651543615388e+00 -3.253668842600448974e-01
2.893810102766513292e+00 1.161557567096210275e-01 -8.192314833701619392e-01
1.898066438503746234e+00 -1.027017356148364202e+00 -6.552735447566939708e-01
5.048618065833985202e-01 9.906164239450135911e-01 4.801146214441188720e-01
2.003347073564971215e+00 -2.185278690450759953e+00 6.414976025646219604e-01
2.882320437355371023e+00 -8.105580651747512633e-01 -1.106147581031229343e-01
9.864906299669080891e-02 9.605856237610942427e-01 3.136199055760943710e-01
2.137185021241987837e+00 6.459714588731709783e-01 6.581886953818109065e-01
-8.245457517556020050e-03 7.554328932130139895e-01 1.167871483602023197e-01
-7.423190855821321099e-01 -1.565337505220898429e+00 -4.556479860854661945e-01
1.593601256273906586e+00 2.738035887360620979e+00 -2.146842992097722780e-01
1.731044390557064494e+00 -1.252860211084282360e+00 -7.553468714731415012e-01
-1.218991674990555385e+00 2.528452080679232328e+00 -5.191455638430098052e-02
-1.228132656486850660e+00 -2.204795101295870641e+00 1.004818450406718355e+00
-1.092395086780793889e+00 1.141806636548610365e+00 -2.832186859196919593e-02
2.702303878790811575e-01 2.043705820591513511e+00 1.229399766516871884e+00
2.818492049696440738e+00 -4.544001117552890628e-02 9.421182166587389606e-01
2.880470792368420963e+00 -9.430639878362431228e-01 4.540917265470492681e-01
-9.749590091781329404e-01 -3.019620644416041166e+00 6.069117313455396623e-02
-1.214258507724002012e+00 2.467737054437288080e+00 -4.937229809783616474e-02
-1.709629532734518786e+00 -7.130046272288050879e-01 -1.033367547940210907e+00
-1.170781841829236392e+00 5.834611864164116479e-01 -8.320396413607542563e-01
2.351737340972722023e+00 -7.196040180280219856e-01 6.156801462431552574e-01
-1.756032038485751956e+00 -2.604977112185984378e+00 -3.962678460991824747e-01
-1.768632673301356428e+00 -2.022995912769114113e-01 9.529633134478082690e-02
1.582868860929391053e+00 1.018379386995725167e+00 1.263016445137314092e-01
-1.095250575817380279e+00 1.603578119427080617e+00 1.278140082172585235e-03
-2.252198601851480575e+00 1.265823702701152742e+00 -5.453012625258912838e-01
1.449578762508132668e+00 1.840972688795902701e-01 -9.964116253143338042e-01
1.064098750741209853e+00 2.519176762423285809e-01 -5.896537270913276840e-01
2.001412044130585155e+00 6.148478970731899862e-01 2.844416040511533739e-01
1.988266440322428441e-01 -2.105737524689268003e+00 1.237760171535911891e+00
-6.529267921465780056e-01 6.611903324670241888e-01 -5.280506170946064337e-01
1.939214153674726937e+00 -2.399882323840148324e+00 2.949280410106247530e-02
7.770896560378077744e-01 5.743944713911111055e-01 -2.018820467166776433e-02
1.107900000836645332e-01 9.887215234947470677e-01 -3.419834980942368929e-01
-1.615175240029174564e+00 1.844701643398238389e+00 -5.885359802775810278e-01
-2.055144216780870003e+00 -1.314477232783792582e+00 1.085466985269426754e+00
-2.460827568883190875e+00 1.003823417586350297e-01 -2.505372850210382252e-01
1.455284135909698184e+00 2.836088253371318313e+00 -3.823063238048747814e-01
-1.892613115248154010e+00 -3.086037747056048497e-01 -4.993148789785673003e-02
-2.205077375898598202e+00 4.068995119693109563e-01 9.790828593800593449e-01
-2.599882272989395005e-01 -3.228457436017243776e+00 1.186985107538083284e-01
2.628884412049367292e+00 -1.189057735745068234e+00 8.309476564378972530e-01
1.071186954803724500e+00 -1.836989492826437864e+00 -1.225155732905301775e+00
-5.668070022431311861e-01 2.301774211749368249e+00 -1.138998022042405189e+00
-6.929631810865470865e-01 -1.834343412084908698e+00 -7.127220857205787685e-02
7.575566769860528904e-01 1.146087656509251929e+00 -8.813134070319177393e-01
1.342237228851213660e+00 -1.596194243569528215e+00 -9.884876029096054673e-01
-2.594513918730936730e+00 1.936722317303714996e-02 9.482189350580482179e-01
9.832395130826456775e-01 -1.396835988233441905e-01 -2.485384053002095694e-01
1.870757449527924887e+00 1.520970064404941979e+00 -3.843311901674507647e-01
-2.344909850322451472e+00 1.275522140426435636e+00 8.345274570100406075e-01
-1.828682213554211344e+00 -4.445175537829231804e-01 -7.797597644784962090e-02
-4.659805091769562146e-01 6.440733007537526866e-01 -3.119400265401479633e-01
-1.412837712954861047e+00 1.030832924373459525e+00 2.503944762549396019e-01
-1.713982205555103222e-01 2.273262448124160784e+00 -8.574481594676670593e-01
2.682792193937857395e+00 -7.683943519604991002e-01 -8.853051558892863770e-01
-1.419000524475053204e+00 -5.008413744475727070e-01 -1.033587133677501768e+00
-1.360191003809672283e+00 -5.271457782499892053e-01 8.982288128748177058e-01
-2.234041134546592922e+00 -1.133322128813926133e+00 -1.239627873834071303e-01
2.511196937540516760e+00 -1.650542994593488855e+00 -1.156309381073796216e-01
-1.319150317038896070e+00 -1.263593045525886360e+00 -1.098072822107074575e+00
-9.765480937447211518e-02 -1.486923543763142730e+00 8.832081082892107027e-01
2.446242418598789659e+00 -2.960836091124523506e-01 7.343672538798937666e-01
-2.483003168093650626e+00 1.118363190844239963e+00 -1.009290779464675269e+00
2.744933313405733433e+00 1.256475158039192630e+00 -7.009661102557682710e-01
2.768451324979819828e-01 7.475514338029052297e-01 3.400540601871359647e-01
1.191471356561520478e+00 4.999121981886582924e-03 -9.511679409368796190e-01
3.646468476566867567e-01 -1.641770118124686428e+00 1.099323280781143275e+00
2.520183694606078495e-01 -8.996230166797658523e-01 -4.019910939893231450e-01
7.817517700890630472e-01 -5.008217060499297046e-01 -6.026807475575560735e-01
-1.219652508547890646e+00 4.812861151497668799e-01 5.742296897978063086e-01
-2.367798128563736171e+00 4.535376761515783062e-01 -2.624707246191878007e-01
1.052406915066528503e+00 -7.478318696431210943e-01 -6.535245103321187798e-01
6.864766317079697977e-01 1.048276017793471349e+00 -7.025638612114490922e-01
1.125568856635444259e+00 -1.682036419591707466e+00 -9.543152510698966751e-01
-8.839974498718974338e-01 -1.986687747121204994e+00 3.004966781839677470e-01
8.478486441099867266e-01 8.595160795665091058e-01 6.046777546211207222e-01
-5.843172028058192247e-01 -2.398216735486375928e+00 -8.981334573985206848e-01
-1.685140276346903443e+00 1.564222823361243409e+00 -1.115857545882853685e+00
-1.053367618554626350e+00 2.056226472999016508e-01 7.698491301987765434e-01
9.600792692889382751e-01 1.752253021513157094e+00 -1.059694408190006376e+00
3.519028290690088268e-01 -2.114587981915316828e+00 6.450312037079108940e-01
9.179094464374902562e-02 9.235194297642156380e-01 3.106066045944740339e-01
1.389257842202350712e+00 1.037265800786472125e+00 -1.099391437192753784e+00
3.750487581748375709e-01 -2.947546390857603171e+00 3.222750898832404398e-01
1.017601517204042461e+00 1.026323290877525635e-01 -3.079156805165054189e-01
1.067571526220421507e+00 3.919261092543614988e-01 8.620204962967563667e-01
-2.272387519783917176e-01 -2.090046049314679966e+00 1.231390462232497374e+00
6.049556466503247520e-01 -1.977635394712418782e+00 1.175581202187730323e+00
-1.017282825334981045e+00 -6.313415261690722424e-01 1.797619069005078063e-01
-3.928105695719316115e-01 -2.473782920290898080e+00 1.188920167065370681e-01
3.113310154180966016e-01 -9.033239103059708119e-01 -4.332891666418892118e-01
2.394274546727902298e+00 1.454038053077860271e+00 7.288229854131537122e-01
-3.001267461035669326e-01 -1.625191583719884481e+00 -1.118061444411214911e+00
3.824548988267870153e-01 1.824863655026376374e+00 1.136355329242125567e+00
2.457588970460496736e+00 -8.853085621975431696e-01 -1.089829573934055773e+00
2.372231382744620642e+00 7.940423118912995903e-01 -6.474525973442318838e-01
-1.084233546044463203e+00 3.250835650273860011e-01 8.938790758707989559e-01
-8.282626878511588631e-01 -2.191768563317213925e+00 -9.673498241561282462e-01
2.300279390869035101e+00 -4.637185659396989568e-01 -8.079151551405767684e-01
-6.701856997575535990e-01 -7.622292366982527101e-01 5.820845610046505580e-01
1.742941444137552809e+00 -1.510902639717160767e+00 -1.181554745120210637e+00
4.141398730939129802e-01 -9.541379360323257730e-01 3.469769421817611166e-01
-1.045523027568777019e+00 -2.106278833495529579e+00 3.037681849143950008e-02
-3.786213245768470514e-01 8.049124657609837419e-01 -3.805509920308530747e-01
5.236375609803565201e-01 3.187496687284223640e+00 -2.211060237094065739e-01
-1.397433333575746062e+00 -2.592194963164224930e+00 -5.561522126030935542e-01
1.032420378556228258e+00 2.235134081487383462e+00 1.030908856805384133e+00
-2.362165826640526545e-01 2.249238107891596616e+00 -1.203035955873935858e+00
7.336449589258284831e-01 -5.315922165051578663e-01 -3.431133224110223257e-01
1.634378313894264467e+00 -1.674937897770029105e+00 2.865111689318127763e-01
1.652586185735783975e+00 -8.155714600888172017e-01 6.092065986387603660e-01
-1.298642481251881753e+00 -2.963924040814862604e-01 8.861391881481361921e-01
-1.667521552703491450e+00 1.189052519272371322e+00 -1.047074661752364966e+00
-4.346466680721374209e-01 3.210688622292500405e+00 -8.970677499989809789e-02
-1.885758841182838985e+00 1.731315050786528476e+00 -6.710787870856851356e-01
1.390850428480669976e+00 9.887073522175681140e-01 2.967351929704185598e-01
-1.096824833272135757e+00 2.594029537475597835e-01 -8.081637019641154662e-01
-1.891613888163288029e-02 9.978857960446645414e-01 -3.800849886721896498e-01
-1.354521682732745980e+00 2.330771824994835179e-02 3.509567344130089528e-01
7.126632073702944270e-01 6.493235709920236465e-01 -5.741152970163221347e-02
-8.941068696485345857e-01 1.083329354168928393e+00 8.855320409916618285e-01
1.501210937665247602e+00 -1.049667256009044314e+00 8.424212336042616878e-01
-2.371533372124857042e+00 -1.165836412651729548e+00 5.764023799706785578e-01
-2.668656882308372280e-01 -7.047079271613562179e-01 9.147427341520797395e-02
-2.658944870691088536e+00 -1.710676777653220570e+00 -4.085480970606832352e-01
1.215178548087543664e+00 4.958875500062296382e-01 -1.010725192478532097e+00
9.007539060695346489e-01 -3.645047417995502248e-01 -1.123712132220295035e-01
-2.133635638561048431e+00 1.517724646383763032e+00 -6.588357870425183282e-01
